32765
32743
32748
32757
32737
32739
32743
32723
32730
32731
32722
32715
32713
32703
32704
32706
32702
32702
32690
32692
32696
32689
32688
32685
32682
32675
32671
32665
32663
32663
32660
32659
32658
32651
32647
32647
32644
32644
32639
32638
32637
32637
32637
32637
32624
32627
32630
32618
32622
32614
32610
32610
32613
32609
32605
32600
32601
32605
32599
32599
32598
32596
32594
32592
32590
32588
32586
32584
32580
32578
32567
32555
32558
32560
32550
32550
32552
32546
32540
32540
32536
32526
32527
32530
32522
32522
32518
32517
32512
32510
32506
32505
32500
32493
32500
32496
32492
32491
32492
32491
32490
32486
32478
32485
32484
32476
32473
32472
32468
32468
32461
32461
32457
32454
32457
32456
32451
32449
32448
32447
32440
32427
32431
32419
32413
32414
32418
32399
32406
32410
32397
32396
32387
32382
32376
32379
32375
32375
32374
32368
32366
32358
32350
32340
32337
32336
32332
32335
32334
32329
32329
32320
32320
32320
32319
32318
32314
32301
32301
32295
32288
32290
32292
32276
32274
32270
32269
32262
32252
32256
32258
32251
32250
32243
32240
32237
32232
32213
32217
32210
32203
32198
32202
32198
32198
32193
32192
32186
32191
32185
32173
32175
32172
32170
32169
32150
32156
32168
32131
32131
32149
32143
32123
32129
32120
32120
32119
32108
32101
32107
32099
32099
32097
32091
32095
32096
32085
32083
32084
32090
32082
32074
32074
32074
32061
32059
32046
32052
32043
32042
32034
32032
32030
32024
32026
32023
32024
32028
32016
32006
32006
32002
31996
31994
31994
31993
31992
31989
31987
31978
31978
31987
31976
31970
31961
31966
31955
31957
31952
31955
31950
31935
31931
31927
31927
31923
31921
31920
31919
31919
31917
31904
31902
31898
31892
31894
31894
31889
31887
31883
31883
31882
31875
31868
31863
31861
31858
31850
31840
31841
31845
31832
31832
31829
31834
31827
31812
31824
31808
31790
31791
31800
31782
31777
31772
31775
31769
31756
31754
31753
31751
31743
31741
31737
31741
31737
31736
31735
31734
31734
31719
31720
31728
31703
31702
31702
31703
31702
31701
31690
31698
31693
31683
31683
31679
31678
31681
31678
31666
31662
31654
31649
31652
31647
31647
31646
31645
31638
31635
31628
31633
31628
31625
31622
31621
31613
31611
31606
31604
31601
31597
31595
31593
31574
31576
31573
31565
31565
31564
31557
31557
31555
31547
31546
31541
31539
31536
31532
31531
31532
31531
31528
31529
31521
31516
31520
31515
31518
31514
31514
31509
31507
31507
31506
31506
31503
31500
31498
31497
31487
31486
31481
31482
31472
31472
31468
31465
31454
31463
31450
31452
31446
31443
31438
31431
31436
31433
31428
31423
31421
31413
31413
31411
31410
31406
31406
31406
31406
31400
31398
31386
31385
31384
31371
31382
31383
31367
31365
31365
31364
31360
31360
31363
31360
31357
31357
31354
31355
31354
31348
31347
31346
31341
31338
31337
31337
31338
31333
31331
31325
31326
31318
31317
31313
31310
31313
31302
31301
31301
31299
31295
31291
31289
31292
31282
31279
31271
31268
31265
31258
31253
31249
31250
31240
31239
31237
31234
31231
31226
31226
31215
31219
31210
31209
31209
31202
31206
31209
31192
31198
31199
31192
31191
31186
31178
31184
31184
31166
31163
31167
31174
31144
31136
31138
31142
31135
31122
31111
31114
31121
31104
31098
31095
31089
31080
31081
31078
31072
31067
31067
31062
31058
31060
31060
31057
31049
31052
31055
31047
31045
31042
31039
31042
31038
31033
31018
31015
31000
31004
31008
30999
30998
30998
30994
30993
30992
30993
30981
30971
30966
30964
30964
30963
30956
30962
30950
30954
30947
30947
30946
30944
30942
30935
30943
30942
30934
30926
30928
30922
30931
30922
30908
30912
30913
30906
30900
30899
30898
30893
30892
30889
30891
30885
30878
30884
30878
30870
30868
30868
30876
30864
30859
30857
30859
30856
30856
30855
30856
30846
30850
30841
30839
30838
30837
30828
30828
30827
30817
30825
30815
30815
30814
30812
30810
30809
30806
30799
30796
30796
30795
30793
30778
30776
30772
30771
30765
30758
30758
30757
30754
30751
30750
30749
30748
30746
30739
30731
30738
30739
30731
30729
30728
30713
30709
30707
30707
30698
30698
30691
30687
30684
30683
30681
30679
30679
30672
30665
30657
30648
30650
30652
30648
30646
30644
30639
30638
30638
30637
30638
30634
30631
30630
30630
30628
30626
30625
30619
30618
30613
30613
30612
30605
30608
30609
30604
30605
30605
30602
30591
30591
30598
30590
30586
30583
30579
30572
30567
30566
30564
30558
30555
30553
30544
30546
30549
30539
30536
30526
30526
30525
30524
30521
30521
30516
30518
30520
30512
30509
30512
30507
30507
30505
30503
30502
30499
30500
30492
30491
30486
30468
30468
30482
30478
30463
30464
30461
30461
30461
30460
30457
30454
30445
30450
30454
30444
30439
30439
30427
30427
30421
30419
30418
30414
30414
30409
30409
30402
30401
30408
30394
30395
30394
30385
30390
30390
30384
30383
30376
30373
30369
30369
30369
30369
30369
30368
30366
30366
30366
30365
30365
30365
30365
30362
30359
30360
30354
30361
30354
30351
30354
30349
30347
30338
30346
30346
30334
30333
30332
30331
30324
30320
30317
30311
30310
30308
30298
30291
30291
30299
30291
30289
30288
30288
30273
30269
30270
30284
30267
30260
30262
30263
30258
30255
30256
30253
30246
30240
30238
30242
30241
30231
30232
30234
30231
30231
30229
30228
30228
30228
30228
30224
30223
30221
30217
30217
30218
30209
30208
30208
30187
30202
30192
30186
30177
30175
30172
30148
30158
30146
30168
30142
30139
30138
30128
30103
30100
30101
30118
30098
30096
30093
30092
30083
30089
30082
30081
30077
30069
30068
30067
30060
30059
30058
30047
30044
30038
30026
30033
30025
30025
30021
30019
30024
30016
30013
30008
30005
30005
30003
29997
29997
29984
29985
29985
29982
29982
29980
29978
29977
29961
29961
29951
29953
29974
29950
29946
29943
29943
29940
29926
29921
29921
29920
29916
29911
29909
29903
29902
29900
29895
29894
29894
29890
29889
29875
29889
29871
29872
29875
29863
29863
29861
29847
29841
29837
29831
29832
29826
29837
29821
29820
29808
29816
29804
29799
29803
29799
29798
29792
29796
29785
29786
29790
29778
29777
29766
29765
29758
29757
29747
29746
29739
29739
29745
29738
29737
29735
29726
29712
29725
29729
29712
29711
29708
29706
29703
29703
29700
29699
29696
29695
29692
29690
29686
29675
29668
29653
29665
29665
29652
29650
29652
29648
29638
29637
29634
29633
29632
29628
29630
29623
29624
29626
29621
29623
29616
29603
29602
29598
29596
29593
29583
29578
29589
29587
29577
29565
29564
29548
29557
29557
29544
29542
29539
29544
29538
29522
29536
29518
29515
29517
29515
29506
29498
29498
29498
29497
29497
29496
29495
29490
29490
29490
29490
29486
29477
29474
29469
29469
29459
29459
29451
29457
29455
29449
29446
29440
29439
29434
29431
29428
29430
29431
29411
29408
29417
29405
29400
29397
29392
29384
29391
29380
29378
29385
29378
29371
29368
29365
29360
29364
29349
29352
29352
29347
29340
29341
29341
29335
29328
29328
29323
29327
29320
29318
29317
29317
29308
29302
29293
29299
29294
29278
29289
29290
29277
29276
29273
29273
29271
29270
29266
29264
29259
29252
29256
29244
29252
29242
29237
29235
29234
29232
29226
29221
29211
29209
29209
29209
29195
29190
29187
29184
29181
29180
29176
29174
29172
29165
29160
29160
29161
29155
29141
29138
29137
29137
29136
29135
29129
29128
29127
29126
29126
29118
29118
29113
29114
29109
29092
29104
29106
29092
29091
29088
29085
29077
29077
29075
29075
29070
29054
29051
29048
29043
29043
29044
29043
29041
29040
29032
29026
29027
29028
29020
29019
29017
29018
29014
29006
29005
29000
29000
29000
28999
28999
28996
28991
28989
28988
28986
28985
28986
28986
28974
28973
28960
28960
28957
28948
28944
28943
28937
28936
28930
28923
28929
28929
28913
28894
28912
28907
28885
28887
28892
28885
28881
28871
28872
28863
28869
28870
28858
28849
28843
28840
28841
28843
28837
28839
28831
28840
28830
28825
28816
28801
28804
28826
28792
28792
28795
28792
28781
28771
28768
28761
28768
28769
28758
28753
28743
28739
28744
28734
28732
28730
28729
28727
28724
28718
28719
28717
28704
28698
28694
28693
28692
28691
28689
28686
28684
28682
28680
28678
28678
28677
28666
28667
28675
28666
28666
28665
28665
28658
28656
28655
28652
28641
28627
28633
28633
28626
28623
28622
28620
28616
28612
28603
28592
28588
28590
28590
28576
28573
28564
28570
28561
28573
28555
28555
28554
28547
28545
28545
28520
28517
28538
28522
28516
28513
28515
28515
28506
28505
28498
28491
28496
28496
28488
28484
28482
28479
28477
28469
28467
28452
28454
28457
28451
28436
28432
28429
28427
28427
28428
28422
28425
28413
28413
28411
28408
28407
28398
28394
28382
28384
28393
28376
28374
28368
28371
28365
28373
28363
28363
28358
28356
28358
28353
28353
28351
28351
28349
28338
28342
28337
28336
28325
28320
28296
28312
28319
28295
28289
28284
28261
28251
28261
28267
28248
28245
28244
28244
28243
28240
28234
28233
28231
28223
28224
28231
28222
28220
28216
28216
28216
28215
28211
28210
28210
28206
28203
28200
28193
28191
28187
28192
28187
28166
28181
28160
28160
28158
28152
28150
28149
28147
28142
28148
28140
28132
28135
28139
28131
28131
28130
28123
28126
28122
28121
28109
28097
28115
28079
28082
28076
28086
28076
28074
28066
28058
28059
28065
28051
28051
28050
28047
28045
28045
28042
28038
28034
28029
28029
28025
28017
28032
28026
28017
28016
28013
28011
28011
28002
27999
27999
27999
27990
27984
27979
27978
27981
27973
27953
27956
27971
27945
27940
27950
27937
27936
27935
27933
27931
27931
27928
27927
27921
27922
27918
27901
27913
27913
27897
27894
27892
27891
27889
27881
27872
27871
27871
27868
27864
27859
27857
27857
27855
27852
27851
27846
27842
27836
27829
27826
27822
27820
27816
27808
27808
27805
27803
27787
27791
27785
27786
27797
27785
27784
27781
27779
27777
27775
27774
27758
27755
27754
27755
27754
27750
27751
27752
27750
27749
27746
27740
27733
27731
27724
27721
27714
27715
27715
27710
27708
27707
27703
27693
27694
27686
27686
27682
27682
27680
27679
27674
27672
27671
27664
27663
27658
27654
27656
27654
27650
27639
27638
27631
27626
27629
27620
27618
27601
27608
27612
27592
27598
27598
27589
27584
27585
27580
27576
27568
27567
27560
27559
27558
27553
27555
27556
27550
27548
27542
27540
27536
27536
27526
27521
27515
27519
27520
27511
27510
27484
27493
27498
27479
27477
27470
27476
27470
27468
27468
27465
27452
27444
27444
27435
27433
27432
27429
27421
27419
27418
27418
27415
27416
27418
27414
27413
27403
27395
27393
27388
27392
27384
27384
27380
27379
27378
27367
27356
27356
27356
27355
27352
27353
27354
27349
27348
27339
27332
27320
27319
27317
27311
27310
27310
27309
27306
27307
27308
27304
27305
27304
27282
27288
27281
27294
27277
27277
27274
27270
27266
27264
27261
27258
27259
27257
27256
27247
27249
27237
27238
27239
27236
27234
27231
27232
27233
27223
27223
27209
27205
27199
27193
27183
27193
27183
27180
27180
27179
27177
27177
27177
27166
27165
27161
27159
27156
27153
27154
27157
27153
27151
27151
27149
27147
27146
27146
27144
27138
27138
27137
27131
27124
27125
27114
27114
27111
27114
27107
27102
27085
27099
27099
27083
27077
27077
27075
27074
27073
27072
27070
27065
27061
27046
27042
27040
27040
27036
27036
27042
27035
27025
27028
27035
27024
27018
27015
27018
27017
27015
27014
26998
26998
26998
27010
26996
26996
26997
26996
26994
26992
26985
26977
26970
26967
26964
26951
26956
26957
26942
26942
26940
26937
26938
26933
26930
26920
26908
26923
26906
26892
26903
26905
26890
26886
26883
26877
26871
26881
26881
26862
26869
26849
26827
26834
26843
26825
26820
26814
26818
26812
26811
26805
26810
26795
26793
26791
26790
26781
26777
26767
26767
26766
26764
26759
26758
26742
26744
26744
26739
26741
26739
26738
26738
26726
26723
26723
26724
26718
26714
26710
26705
26706
26712
26703
26694
26691
26700
26690
26686
26680
26680
26679
26669
26675
26679
26661
26659
26656
26653
26650
26651
26648
26649
26651
26637
26634
26634
26635
26633
26628
26626
26625
26621
26624
26620
26619
26617
26615
26614
26606
26603
26601
26601
26594
26593
26591
26587
26579
26576
26574
26575
26575
26573
26568
26566
26564
26561
26561
26547
26547
26546
26540
26541
26537
26532
26532
26532
26531
26527
26518
26515
26514
26510
26513
26510
26504
26493
26503
26485
26481
26477
26476
26475
26470
26471
26464
26450
26450
26448
26448
26446
26444
26443
26442
26441
26438
26438
26436
26428
26426
26425
26422
26416
26402
26405
26411
26400
26398
26397
26394
26390
26387
26388
26380
26379
26377
26352
26363
26369
26341
26334
26326
26323
26316
26312
26313
26317
26312
26298
26297
26290
26289
26282
26276
26281
26272
26270
26259
26267
26267
26254
26254
26250
26246
26248
26245
26242
26240
26235
26233
26230
26227
26227
26224
26226
26221
26206
26205
26199
26195
26194
26191
26191
26188
26179
26183
26186
26170
26161
26163
26165
26154
26153
26145
26147
26151
26143
26143
26133
26127
26124
26115
26118
26123
26106
26105
26102
26098
26098
26095
26091
26088
26077
26075
26073
26072
26070
26062
26060
26058
26045
26038
26034
26041
26017
26016
26002
26003
26010
25997
25998
26000
25994
25986
25974
25975
25976
25961
25953
25963
25942
25942
25950
25941
25933
25927
25926
25919
25923
25925
25917
25916
25915
25914
25912
25913
25911
25909
25901
25897
25892
25890
25890
25887
25886
25882
25880
25878
25877
25871
25869
25869
25868
25865
25867
25859
25861
25854
25858
25858
25853
25850
25848
25847
25844
25841
25838
25835
25829
25825
25817
25825
25826
25806
25812
25804
25806
25812
25803
25803
25798
25801
25781
25778
25774
25773
25773
25768
25766
25763
25759
25756
25745
25745
25735
25734
25730
25729
25728
25722
25716
25712
25702
25702
25703
25694
25700
25693
25689
25672
25670
25688
25674
25664
25669
25664
25664
25643
25641
25655
25640
25652
25640
25632
25634
25635
25628
25626
25628
25626
25622
25619
25617
25616
25616
25597
25587
25593
25595
25585
25587
25575
25581
25574
25566
25567
25567
25555
25548
25547
25538
25534
25533
25529
25534
25526
25523
25515
25515
25505
25506
25511
25490
25496
25500
25481
25481
25484
25475
25469
25467
25466
25458
25462
25456
25445
25439
25434
25435
25433
25431
25431
25419
25417
25406
25409
25403
25390
25385
25386
25377
25386
25374
25369
25363
25361
25359
25355
25347
25338
25335
25335
25335
25309
25313
25307
25306
25328
25304
25301
25297
25294
25289
25287
25284
25281
25280
25278
25277
25273
25269
25266
25265
25260
25260
25263
25260
25249
25247
25257
25253
25245
25236
25240
25232
25227
25226
25214
25224
25214
25213
25208
25204
25204
25183
25185
25196
25183
25179
25168
25170
25177
25168
25168
25151
25154
25155
25142
25145
25151
25142
25123
25123
25113
25118
25134
25111
25100
25109
25111
25099
25098
25092
25087
25090
25084
25084
25083
25076
25068
25069
25075
25067
25066
25060
25059
25056
25056
25055
25050
25048
25042
25035
25035
25034
25032
25032
25031
25029
25028
25024
25028
25007
25007
25003
25001
24987
24989
24998
24965
24981
24962
24959
24957
24948
24953
24940
24931
24931
24939
24927
24922
24907
24914
24904
24894
24891
24886
24884
24884
24885
24879
24871
24878
24869
24866
24865
24849
24858
24858
24849
24846
24846
24845
24843
24838
24842
24828
24832
24828
24825
24823
24815
24809
24805
24804
24804
24808
24804
24791
24781
24780
24776
24774
24774
24771
24769
24765
24758
24753
24751
24752
24752
24749
24747
24747
24742
24741
24739
24730
24729
24734
24734
24723
24713
24709
24708
24703
24702
24674
24670
24669
24668
24649
24644
24642
24653
24655
24640
24641
24639
24632
24638
24628
24627
24618
24614
24614
24611
24608
24596
24590
24596
24590
24586
24583
24579
24584
24578
24573
24574
24574
24572
24565
24567
24557
24553
24549
24551
24541
24554
24532
24531
24530
24522
24518
24512
24509
24507
24506
24502
24502
24499
24480
24480
24479
24477
24476
24475
24476
24472
24471
24458
24459
24465
24458
24457
24456
24454
24451
24443
24447
24450
24442
24441
24437
24435
24435
24429
24428
24424
24422
24420
24422
24416
24409
24401
24401
24399
24398
24395
24393
24390
24387
24390
24382
24380
24367
24363
24364
24364
24356
24341
24356
24343
24337
24327
24321
24318
24316
24317
24316
24315
24295
24292
24287
24280
24280
24267
24276
24261
24260
24260
24258
24254
24253
24243
24249
24237
24230
24230
24229
24228
24226
24222
24226
24217
24216
24201
24196
24201
24201
24195
24190
24192
24189
24180
24162
24166
24157
24175
24157
24157
24152
24152
24151
24150
24150
24149
24145
24146
24144
24137
24130
24127
24126
24125
24121
24118
24109
24111
24112
24105
24105
24100
24099
24096
24092
24090
24088
24085
24077
24082
24083
24061
24068
24069
24056
24055
24059
24060
24050
24045
24045
24042
24038
24040
24033
24032
24026
24026
24022
24013
24004
24003
23994
23990
23989
23988
23987
23985
23980
23960
23952
23954
23944
23943
23942
23939
23914
23914
23933
23906
23903
23898
23892
23891
23889
23891
23887
23886
23884
23885
23886
23874
23881
23850
23848
23841
23837
23835
23826
23823
23820
23818
23808
23804
23805
23794
23793
23789
23781
23774
23772
23772
23766
23770
23763
23758
23759
23759
23758
23758
23755
23752
23744
23751
23742
23732
23731
23729
23731
23725
23724
23720
23723
23717
23710
23712
23715
23703
23701
23699
23690
23688
23688
23688
23681
23672
23672
23671
23657
23660
23670
23654
23651
23645
23643
23643
23638
23632
23629
23626
23626
23625
23625
23621
23621
23620
23617
23616
23615
23614
23613
23613
23612
23611
23611
23609
23608
23607
23606
23599
23588
23589
23590
23582
23575
23583
23568
23573
23575
23568
23564
23558
23559
23561
23558
23554
23554
23551
23546
23545
23550
23544
23539
23539
23537
23536
23534
23531
23516
23515
23513
23513
23513
23506
23499
23502
23503
23494
23493
23470
23466
23460
23459
23456
23455
23452
23451
23449
23436
23442
23428
23447
23427
23424
23419
23409
23408
23395
23395
23402
23393
23395
23385
23392
23391
23380
23377
23376
23373
23363
23347
23346
23360
23348
23346
23341
23334
23333
23332
23331
23329
23326
23321
23322
23323
23319
23305
23306
23302
23305
23312
23299
23289
23283
23288
23281
23289
23280
23278
23273
23272
23270
23262
23259
23252
23251
23249
23248
23242
23243
23235
23225
23226
23235
23221
23217
23212
23211
23209
23203
23207
23207
23200
23193
23188
23192
23193
23186
23181
23180
23163
23168
23160
23157
23155
23152
23150
23150
23152
23143
23136
23142
23142
23134
23134
23130
23119
23129
23129
23119
23117
23117
23115
23114
23110
23110
23104
23095
23091
23086
23085
23083
23072
23078
23063
23062
23062
23059
23056
23051
23044
23041
23035
23029
23020
23018
23023
23017
23016
23013
23010
23009
23007
23004
23002
22998
22989
22991
22997
22988
22987
22982
22975
22972
22942
22948
22974
22935
22935
22939
22932
22926
22931
22926
22926
22925
22922
22918
22916
22914
22907
22905
22903
22897
22892
22882
22873
22872
22868
22869
22870
22867
22867
22866
22866
22860
22861
22856
22858
22851
22854
22847
22844
22841
22830
22816
22813
22813
22815
22805
22805
22800
22799
22794
22791
22790
22786
22787
22789
22783
22781
22771
22769
22770
22770
22768
22764
22763
22762
22758
22759
22744
22757
22743
22739
22741
22733
22737
22731
22730
22720
22729
22717
22718
22717
22730
22717
22704
22708
22703
22701
22698
22680
22668
22665
22677
22668
22660
22655
22654
22649
22641
22642
22645
22639
22634
22634
22629
22635
22624
22620
22616
22614
22614
22611
22607
22609
22606
22603
22599
22593
22600
22592
22586
22590
22599
22580
22579
22574
22573
22573
22572
22570
22566
22563
22565
22556
22556
22552
22540
22548
22540
22552
22536
22529
22529
22512
22509
22503
22496
22488
22494
22486
22494
22484
22486
22483
22478
22476
22471
22466
22463
22460
22449
22440
22444
22438
22435
22434
22432
22430
22428
22424
22420
22420
22418
22418
22417
22413
22409
22404
22402
22400
22396
22399
22393
22389
22386
22384
22384
22379
22375
22363
22365
22374
22358
22353
22355
22343
22330
22326
22328
22335
22313
22319
22324
22307
22300
22311
22298
22310
22298
22296
22291
22292
22293
22280
22284
22276
22279
22267
22266
22289
22271
22266
22262
22258
22250
22250
22258
22247
22246
22245
22243
22238
22238
22234
22243
22230
22223
22225
22220
22216
22212
22211
22209
22208
22207
22199
22197
22184
22184
22180
22179
22183
22176
22171
22173
22160
22158
22156
22151
22146
22144
22139
22143
22143
22136
22122
22129
22134
22112
22099
22099
22096
22097
22095
22091
22090
22086
22072
22081
22069
22062
22059
22056
22056
22029
22037
22048
22028
22006
22010
22024
22003
22000
21998
21991
21990
21989
21986
21981
21972
21968
21969
21976
21968
21966
21964
21961
21952
21959
21952
21941
21941
21939
21940
21939
21938
21936
21924
21924
21907
21914
21911
21905
21904
21900
21901
21898
21895
21896
21895
21894
21892
21889
21891
21867
21867
21889
21886
21857
21855
21844
21842
21836
21834
21834
21831
21830
21824
21810
21819
21824
21810
21805
21809
21810
21792
21795
21797
21790
21786
21785
21780
21779
21771
21769
21768
21768
21768
21768
21766
21765
21765
21764
21762
21762
21762
21757
21753
21751
21750
21750
21745
21745
21744
21737
21735
21731
21730
21726
21724
21724
21714
21713
21710
21708
21695
21707
21696
21693
21690
21687
21687
21687
21679
21682
21685
21676
21675
21666
21670
21670
21652
21655
21621
21620
21620
21609
21611
21618
21606
21604
21597
21593
21584
21576
21575
21575
21573
21555
21554
21540
21572
21539
21535
21529
21527
21523
21518
21522
21523
21516
21513
21513
21509
21504
21497
21495
21493
21491
21489
21490
21485
21477
21482
21467
21467
21466
21453
21466
21442
21448
21440
21438
21430
21430
21428
21426
21426
21421
21415
21411
21412
21411
21416
21409
21408
21402
21389
21386
21385
21384
21376
21376
21375
21373
21372
21366
21366
21371
21365
21360
21360
21356
21359
21353
21352
21350
21350
21343
21337
21340
21343
21331
21317
21315
21318
21314
21313
21310
21302
21304
21300
21294
21294
21293
21281
21287
21274
21281
21290
21267
21270
21254
21246
21246
21254
21244
21242
21241
21230
21235
21229
21236
21220
21218
21203
21211
21191
21190
21187
21187
21181
21182
21186
21180
21172
21174
21170
21172
21177
21168
21168
21167
21161
21164
21166
21156
21154
21142
21141
21137
21132
21136
21134
21131
21119
21118
21115
21113
21111
21111
21111
21109
21107
21104
21092
21096
21090
21103
21089
21088
21081
21078
21087
21066
21068
21083
21065
21061
21053
21052
21048
21045
21044
21045
21040
21042
21028
21039
21031
21023
21013
21016
21019
21005
21003
21002
20998
20981
20982
20994
20980
20977
20976
20969
20969
20972
20967
20967
20971
20965
20965
20962
20961
20949
20947
20946
20945
20943
20940
20937
20936
20934
20926
20928
20931
20921
20919
20918
20916
20910
20914
20899
20902
20895
20898
20903
20893
20888
20884
20875
20875
20865
20856
20854
20841
20839
20848
20853
20836
20834
20829
20828
20824
20823
20815
20821
20815
20812
20807
20803
20803
20794
20796
20788
20780
20798
20790
20778
20775
20777
20772
20772
20771
20764
20764
20757
20755
20738
20740
20744
20734
20734
20734
20730
20724
20719
20718
20717
20717
20700
20700
20691
20685
20685
20671
20673
20678
20671
20660
20663
20656
20655
20652
20651
20641
20632
20636
20631
20627
20614
20616
20619
20606
20612
20609
20602
20604
20596
20596
20600
20594
20594
20589
20589
20587
20564
20563
20547
20549
20555
20540
20540
20539
20539
20539
20538
20539
20534
20524
20530
20523
20522
20516
20509
20507
20505
20500
20510
20488
20493
20484
20485
20495
20480
20476
20466
20465
20465
20458
20450
20446
20444
20443
20440
20440
20434
20432
20432
20426
20429
20426
20423
20418
20414
20409
20405
20404
20403
20400
20398
20393
20393
20367
20374
20376
20367
20363
20366
20351
20346
20346
20346
20332
20336
20337
20331
20327
20331
20321
20316
20314
20312
20302
20300
20296
20293
20293
20286
20283
20277
20277
20278
20272
20268
20268
20267
20261
20259
20245
20241
20258
20241
20253
20231
20240
20226
20225
20216
20225
20207
20203
20201
20195
20194
20199
20193
20193
20190
20186
20181
20181
20181
20179
20179
20179
20168
20168
20167
20167
20163
20162
20161
20159
20159
20156
20154
20131
20151
20124
20122
20121
20112
20118
20120
20110
20102
20105
20110
20097
20098
20099
20094
20089
20096
20083
20081
20075
20074
20070
20070
20067
20061
20061
20055
20053
20053
20036
20048
20032
20030
20029
20016
20028
20005
20011
20004
20002
19997
19996
19994
19993
19981
19977
19977
19974
19955
19946
19946
19965
19944
19931
19916
19915
19915
19913
19912
19907
19904
19891
19899
19889
19891
19901
19888
19883
19882
19881
19876
19876
19861
19866
19859
19858
19855
19855
19844
19844
19837
19834
19825
19827
19821
19831
19820
19819
19819
19819
19817
19810
19814
19800
19807
19803
19799
19785
19790
19791
19773
19772
19762
19759
19743
19756
19740
19738
19737
19736
19735
19731
19728
19718
19716
19714
19711
19707
19707
19704
19699
19695
19692
19685
19683
19683
19675
19669
19672
19666
19666
19667
19666
19661
19659
19649
19649
19646
19644
19642
19640
19640
19636
19636
19631
19630
19628
19620
19620
19617
19616
19609
19608
19608
19602
19606
19607
19601
19601
19599
19597
19597
19588
19581
19579
19575
19573
19571
19561
19567
19563
19560
19555
19543
19532
19528
19524
19519
19519
19522
19510
19512
19501
19494
19499
19489
19487
19480
19481
19480
19479
19472
19470
19457
19458
19468
19443
19452
19455
19443
19442
19439
19438
19437
19436
19431
19431
19430
19424
19420
19423
19416
19410
19409
19406
19400
19399
19385
19369
19369
19367
19364
19366
19345
19325
19325
19342
19333
19321
19317
19317
19313
19310
19288
19287
19277
19273
19267
19266
19264
19258
19257
19257
19253
19248
19245
19236
19235
19235
19232
19231
19230
19228
19226
19225
19222
19218
19217
19216
19212
19212
19212
19209
19208
19205
19205
19204
19204
19203
19195
19194
19194
19190
19189
19187
19184
19180
19180
19175
19174
19168
19167
19166
19165
19156
19152
19151
19140
19133
19136
19128
19129
19137
19119
19128
19116
19113
19110
19109
19108
19106
19108
19101
19093
19086
19087
19092
19073
19081
19067
19072
19051
19059
19054
19048
19035
19033
19026
19027
19018
19020
19026
19017
19009
19009
19005
19005
19005
19003
19000
18995
18987
18989
18979
18986
18976
18975
18973
18966
18961
18968
18950
18950
18967
18949
18946
18945
18943
18940
18928
18934
18940
18922
18920
18916
18914
18914
18900
18914
18884
18882
18880
18878
18872
18862
18859
18858
18848
18840
18848
18839
18840
18839
18838
18832
18837
18832
18824
18826
18819
18806
18797
18797
18795
18788
18776
18780
18787
18770
18769
18764
18766
18761
18757
18759
18760
18752
18751
18750
18748
18743
18745
18740
18736
18738
18738
18733
18728
18722
18721
18717
18713
18713
18710
18707
18700
18698
18695
18689
18690
18688
18683
18680
18678
18677
18668
18655
18663
18667
18630
18619
18629
18627
18609
18619
18602
18602
18597
18588
18578
18577
18567
18576
18570
18565
18565
18557
18551
18564
18547
18558
18546
18533
18530
18526
18524
18522
18520
18518
18516
18527
18504
18502
18501
18499
18495
18496
18492
18496
18490
18482
18480
18474
18478
18477
18472
18463
18468
18457
18444
18446
18450
18443
18440
18424
18424
18431
18422
18421
18419
18418
18419
18418
18416
18412
18408
18412
18407
18407
18407
18399
18390
18388
18386
18383
18381
18378
18381
18381
18377
18370
18373
18376
18367
18366
18361
18361
18357
18356
18352
18355
18348
18347
18345
18343
18336
18332
18328
18321
18319
18315
18313
18311
18307
18307
18305
18304
18304
18303
18296
18285
18300
18284
18282
18277
18268
18272
18275
18266
18255
18259
18261
18254
18249
18243
18243
18236
18238
18227
18226
18232
18227
18218
18217
18215
18216
18214
18209
18208
18205
18201
18198
18198
18198
18190
18187
18186
18185
18178
18171
18164
18161
18162
18156
18145
18153
18139
18138
18122
18137
18121
18122
18131
18111
18109
18109
18109
18107
18104
18102
18101
18099
18094
18091
18090
18086
18087
18089
18085
18084
18069
18078
18056
18056
18060
18054
18054
18050
18044
18038
18031
18029
18027
18026
18016
18025
18007
18011
18015
18006
18001
18001
17993
17992
17991
17989
17985
17974
17978
17983
17973
17971
17964
17963
17961
17962
17959
17961
17954
17955
17950
17948
17939
17937
17928
17928
17929
17924
17925
17918
17916
17916
17916
17907
17912
17915
17904
17901
17898
17895
17893
17892
17889
17879
17888
17893
17877
17867
17871
17877
17866
17852
17846
17846
17844
17838
17837
17844
17843
17832
17826
17827
17823
17822
17812
17810
17808
17791
17800
17789
17801
17780
17778
17774
17774
17773
17772
17770
17767
17763
17762
17760
17755
17755
17741
17746
17755
17730
17725
17728
17724
17721
17720
17718
17716
17713
17701
17702
17711
17699
17699
17693
17687
17698
17684
17682
17681
17677
17676
17676
17671
17667
17665
17665
17662
17662
17659
17657
17646
17642
17642
17636
17634
17633
17623
17616
17614
17616
17611
17610
17602
17604
17608
17600
17597
17594
17592
17592
17591
17588
17586
17585
17579
17580
17571
17581
17569
17550
17541
17545
17548
17529
17536
17527
17525
17523
17523
17522
17517
17516
17509
17512
17515
17505
17502
17501
17501
17489
17491
17492
17485
17482
17470
17474
17479
17461
17459
17454
17450
17454
17448
17446
17446
17440
17445
17440
17439
17438
17431
17420
17418
17412
17407
17406
17396
17392
17401
17401
17391
17391
17386
17387
17381
17379
17378
17378
17376
17377
17373
17364
17369
17357
17357
17355
17355
17339
17323
17325
17330
17318
17317
17316
17309
17316
17296
17304
17294
17293
17292
17290
17288
17272
17275
17275
17266
17252
17249
17239
17237
17233
17227
17226
17215
17214
17215
17215
17213
17210
17203
17189
17188
17182
17186
17188
17171
17172
17181
17166
17165
17163
17164
17160
17145
17145
17143
17134
17138
17142
17118
17121
17122
17117
17095
17099
17101
17095
17094
17093
17084
17077
17070
17071
17078
17062
17060
17059
17056
17058
17053
17049
17045
17044
17044
17047
17042
17038
17037
17033
17035
17026
17028
17025
17014
17016
17013
17013
17013
17023
17004
17007
16997
16999
17001
16996
16988
16995
16993
16987
16987
16982
16969
16976
16982
16950
16954
16955
16950
16945
16948
16949
16941
16939
16940
16937
16938
16940
16935
16928
16933
16926
16921
16920
16915
16910
16906
16905
16904
16902
16901
16895
16882
16888
16869
16880
16860
16856
16843
16845
16854
16833
16823
16823
16820
16822
16802
16801
16807
16797
16804
16793
16787
16778
16778
16763
16772
16757
16777
16758
16756
16749
16745
16745
16735
16737
16740
16733
16723
16720
16706
16703
16700
16698
16683
16680
16678
16693
16694
16676
16669
16659
16657
16655
16659
16655
16650
16651
16647
16645
16645
16641
16635
16634
16631
16630
16620
16611
16611
16597
16598
16593
16597
16600
16585
16583
16579
16573
16571
16567
16546
16557
16557
16540
16542
16539
16537
16531
16531
16530
16526
16525
16524
16518
16516
16515
16514
16511
16505
16502
16491
16494
16483
16484
16487
16480
16479
16475
16475
16476
16471
16461
16459
16459
16459
16457
16454
16454
16447
16451
16451
16445
16437
16439
16444
16437
16436
16434
16432
16428
16425
16425
16420
16420
16424
16420
16417
16416
16415
16409
16406
16403
16399
16397
16395
16387
16374
16369
16386
16377
16369
16367
16366
16365
16366
16364
16356
16355
16356
16350
16347
16346
16343
16338
16335
16323
16321
16319
16317
16316
16315
16313
16297
16298
16292
16289
16312
16285
16283
16281
16280
16280
16270
16274
16275
16270
16252
16250
16247
16249
16246
16240
16235
16235
16219
16225
16227
16217
16214
16217
16212
16211
16209
16207
16195
16179
16189
16177
16177
16174
16173
16173
16172
16171
16169
16167
16166
16164
16161
16152
16152
16152
16148
16147
16145
16147
16147
16139
16144
16138
16135
16121
16119
16108
16105
16108
16100
16098
16097
16080
16092
16079
16071
16040
16038
16036
16054
16070
16032
16031
16029
16026
16028
16026
16026
16022
16020
16019
16018
16017
16013
16013
16012
16011
16005
15999
15997
15992
15988
15988
15979
15985
15973
15986
15952
15962
15972
15949
15944
15942
15931
15933
15935
15926
15926
15926
15924
15920
15914
15912
15908
15908
15904
15902
15907
15895
15900
15902
15892
15891
15891
15889
15878
15874
15873
15872
15870
15862
15863
15864
15846
15854
15845
15840
15842
15819
15831
15835
15806
15812
15808
15800
15802
15805
15799
15784
15779
15773
15778
15771
15769
15769
15767
15768
15768
15761
15763
15764
15761
15760
15758
15755
15748
15740
15739
15738
15736
15737
15735
15732
15726
15721
15719
15714
15704
15710
15713
15702
15700
15697
15694
15689
15685
15686
15688
15685
15685
15684
15682
15675
15672
15671
15667
15662
15661
15661
15653
15659
15653
15650
15650
15649
15647
15646
15643
15645
15640
15634
15628
15628
15627
15623
15623
15622
15614
15613
15611
15609
15602
15598
15597
15597
15595
15595
15592
15581
15583
15572
15575
15567
15563
15561
15561
15556
15555
15551
15550
15549
15548
15546
15544
15540
15539
15537
15536
15536
15527
15522
15518
15518
15525
15517
15509
15510
15512
15500
15500
15503
15495
15497
15491
15484
15478
15479
15464
15463
15459
15458
15454
15449
15451
15446
15446
15440
15434
15433
15432
15429
15427
15424
15424
15424
15422
15420
15420
15406
15406
15405
15402
15401
15390
15396
15399
15390
15389
15371
15383
15362
15359
15356
15341
15345
15338
15336
15328
15326
15319
15321
15324
15306
15305
15304
15294
15293
15284
15288
15288
15278
15253
15255
15259
15247
15247
15245
15244
15245
15243
15238
15236
15234
15225
15234
15224
15222
15220
15216
15200
15194
15204
15203
15183
15181
15174
15173
15167
15167
15166
15167
15165
15160
15158
15137
15128
15131
15131
15121
15125
15116
15113
15112
15111
15101
15101
15095
15092
15095
15091
15087
15079
15070
15077
15067
15068
15064
15063
15046
15047
15059
15039
15034
15036
15038
15026
15029
15030
15017
15001
15000
14996
14993
14990
14989
14986
14974
14978
14963
14959
14961
14957
14957
14952
14948
14947
14947
14946
14945
14942
14941
14935
14925
14924
14919
14918
14914
14902
14907
14890
14884
14886
14881
14875
14875
14868
14867
14857
14856
14855
14854
14851
14837
14828
14830
14840
14824
14827
14823
14804
14808
14821
14803
14802
14799
14798
14792
14776
14769
14765
14763
14759
14756
14755
14753
14749
14750
14748
14743
14743
14740
14726
14731
14723
14739
14724
14719
14719
14718
14710
14717
14707
14707
14705
14700
14704
14699
14697
14696
14682
14683
14674
14682
14684
14673
14672
14672
14671
14670
14657
14655
14654
14648
14644
14644
14632
14630
14627
14624
14613
14623
14624
14611
14612
14612
14606
14594
14579
14577
14590
14581
14576
14576
14570
14569
14568
14565
14563
14561
14553
14551
14548
14546
14539
14541
14530
14525
14518
14514
14508
14499
14502
14507
14490
14489
14487
14483
14471
14470
14466
14466
14466
14466
14462
14457
14458
14464
14455
14449
14436
14436
14434
14432
14425
14428
14422
14416
14419
14420
14410
14404
14391
14389
14386
14395
14394
14373
14372
14358
14362
14365
14350
14343
14336
14331
14325
14326
14332
14323
14319
14321
14323
14315
14313
14315
14310
14309
14307
14297
14299
14296
14296
14294
14292
14291
14283
14282
14273
14266
14266
14266
14261
14255
14250
14238
14232
14237
14237
14228
14226
14227
14225
14223
14221
14215
14212
14211
14210
14203
14198
14193
14181
14190
14189
14181
14170
14152
14168
14145
14140
14137
14131
14132
14133
14126
14124
14122
14122
14123
14113
14120
14110
14106
14094
14094
14094
14093
14091
14089
14086
14084
14080
14079
14077
14076
14066
14053
14058
14053
14053
14052
14051
14052
14050
14045
14044
14044
14041
14043
14036
14029
14035
14031
14028
14015
14019
14014
14007
14000
14006
14006
13998
13998
13997
13994
13992
13976
13976
13988
13958
13958
13973
13951
13941
13948
13950
13938
13937
13937
13934
13936
13937
13931
13927
13930
13927
13915
13921
13904
13905
13926
13899
13900
13896
13891
13895
13896
13880
13887
13890
13879
13870
13879
13870
13848
13848
13847
13844
13842
13840
13837
13836
13832
13828
13828
13823
13816
13810
13809
13808
13808
13807
13806
13805
13800
13795
13791
13792
13794
13788
13788
13785
13783
13779
13772
13771
13771
13768
13766
13762
13761
13759
13760
13760
13757
13757
13755
13750
13748
13747
13747
13747
13743
13737
13734
13732
13737
13734
13731
13730
13721
13714
13714
13710
13704
13713
13711
13703
13700
13699
13698
13689
13691
13688
13687
13686
13681
13683
13677
13673
13667
13658
13651
13651
13650
13644
13637
13637
13637
13633
13630
13629
13616
13615
13613
13611
13601
13602
13599
13598
13594
13589
13589
13581
13580
13580
13573
13573
13577
13569
13561
13562
13563
13559
13549
13553
13548
13543
13541
13539
13536
13526
13531
13532
13521
13505
13513
13504
13503
13501
13498
13493
13489
13489
13486
13483
13471
13469
13469
13463
13439
13440
13447
13439
13434
13438
13433
13432
13432
13427
13426
13423
13423
13422
13410
13409
13409
13409
13394
13387
13385
13376
13376
13375
13373
13373
13367
13363
13361
13360
13349
13346
13359
13359
13338
13338
13343
13332
13338
13337
13330
13329
13327
13325
13320
13310
13314
13302
13288
13314
13306
13284
13283
13282
13282
13280
13279
13275
13275
13278
13272
13274
13271
13268
13266
13265
13262
13262
13251
13250
13249
13235
13228
13223
13221
13216
13195
13186
13187
13189
13176
13178
13183
13170
13169
13169
13165
13163
13147
13139
13146
13134
13135
13128
13121
13120
13120
13117
13109
13107
13107
13103
13104
13088
13091
13096
13086
13083
13079
13071
13067
13059
13058
13053
13052
13051
13052
13044
13046
13038
13031
13042
13042
13017
13028
13025
13017
13011
13006
13003
13005
13005
13002
12998
12981
12984
12981
12977
12975
12975
12974
12972
12967
12961
12951
12951
12951
12943
12945
12949
12943
12940
12930
12930
12926
12922
12917
12906
12905
12902
12899
12897
12897
12894
12893
12893
12893
12889
12886
12885
12873
12869
12869
12873
12866
12862
12862
12858
12857
12856
12844
12836
12833
12839
12818
12816
12814
12812
12813
12814
12806
12798
12799
12802
12793
12796
12789
12790
12795
12788
12775
12785
12778
12765
12763
12756
12752
12749
12748
12740
12737
12735
12735
12728
12730
12722
12722
12720
12711
12711
12703
12707
12699
12695
12685
12683
12671
12671
12671
12663
12666
12651
12650
12655
12659
12647
12639
12622
12618
12594
12595
12613
12593
12590
12589
12587
12587
12586
12582
12575
12571
12581
12567
12561
12559
12558
12551
12551
12550
12543
12543
12541
12537
12529
12520
12508
12512
12520
12502
12491
12501
12488
12483
12481
12479
12477
12462
12461
12461
12460
12451
12450
12444
12440
12436
12434
12440
12439
12430
12430
12430
12423
12417
12405
12406
12414
12402
12396
12386
12387
12374
12371
12370
12367
12364
12361
12360
12358
12358
12356
12350
12353
12350
12341
12347
12337
12326
12318
12312
12315
12317
12306
12308
12312
12305
12297
12293
12288
12289
12293
12283
12279
12279
12278
12275
12277
12277
12267
12270
12263
12262
12255
12252
12252
12251
12247
12237
12237
12233
12231
12221
12214
12213
12211
12211
12210
12208
12188
12186
12184
12183
12182
12178
12172
12165
12167
12168
12162
12161
12159
12158
12157
12150
12151
12151
12149
12148
12145
12144
12144
12131
12119
12117
12126
12121
12113
12112
12104
12104
12093
12092
12085
12085
12083
12069
12072
12077
12066
12057
12058
12061
12051
12050
12051
12049
12048
12048
12048
12046
12035
12042
12032
12032
12028
12026
12026
12012
12018
12007
12010
12020
12003
12001
11999
11997
11991
11996
11989
11987
11991
11990
11984
11983
11982
11975
11980
11966
11961
11958
11958
11959
11952
11951
11951
11948
11944
11942
11942
11943
11936
11936
11934
11920
11929
11930
11920
11907
11895
11889
11899
11899
11885
11884
11876
11870
11868
11863
11860
11858
11856
11849
11846
11846
11845
11845
11841
11832
11831
11831
11829
11830
11828
11827
11810
11786
11791
11794
11785
11781
11783
11782
11780
11779
11775
11760
11753
11753
11745
11743
11737
11734
11735
11736
11732
11727
11729
11725
11723
11722
11714
11710
11708
11707
11706
11703
11705
11693
11693
11688
11686
11685
11684
11684
11683
11682
11680
11676
11677
11669
11674
11678
11668
11668
11659
11653
11651
11641
11640
11632
11628
11628
11620
11623
11630
11614
11606
11600
11598
11589
11593
11586
11571
11567
11567
11566
11558
11554
11554
11554
11552
11548
11548
11546
11545
11544
11544
11544
11536
11532
11531
11529
11528
11526
11521
11519
11512
11512
11508
11508
11510
11506
11502
11506
11503
11502
11496
11496
11499
11490
11488
11487
11486
11485
11484
11473
11470
11465
11464
11463
11463
11455
11453
11448
11448
11444
11447
11448
11441
11439
11439
11430
11424
11424
11410
11412
11417
11405
11407
11409
11403
11400
11396
11393
11393
11390
11386
11374
11362
11357
11356
11356
11355
11354
11352
11347
11344
11343
11342
11339
11340
11330
11330
11326
11326
11323
11318
11317
11312
11316
11312
11311
11312
11315
11310
11309
11307
11302
11305
11302
11292
11290
11285
11284
11280
11271
11268
11263
11260
11263
11258
11257
11257
11257
11251
11257
11250
11250
11249
11241
11225
11235
11217
11217
11229
11207
11199
11214
11190
11190
11184
11182
11180
11180
11177
11176
11174
11174
11171
11169
11169
11168
11166
11161
11159
11155
11153
11154
11147
11134
11127
11124
11118
11099
11102
11090
11086
11084
11083
11081
11081
11076
11079
11072
11065
11063
11061
11055
11052
11049
11048
11044
11044
11029
11029
11037
11029
11025
11024
11017
11017
11015
11010
11008
11003
10996
10992
10992
10986
10980
10979
10977
10972
10971
10970
10965
10962
10961
10950
10957
10957
10948
10943
10942
10936
10935
10937
10927
10934
10934
10920
10913
10905
10905
10901
10897
10897
10897
10896
10893
10893
10892
10891
10889
10894
10889
10880
10875
10872
10872
10867
10863
10861
10861
10860
10850
10852
10853
10843
10847
10841
10839
10835
10834
10834
10833
10829
10828
10827
10823
10822
10814
10812
10804
10807
10804
10801
10802
10792
10790
10788
10783
10782
10781
10780
10776
10772
10770
10770
10768
10766
10757
10752
10747
10742
10742
10740
10736
10731
10725
10722
10725
10721
10719
10713
10716
10719
10702
10712
10693
10692
10692
10687
10690
10691
10687
10684
10677
10676
10672
10665
10661
10655
10654
10652
10650
10649
10648
10640
10639
10639
10628
10630
10637
10628
10627
10625
10624
10620
10618
10618
10618
10615
10598
10605
10590
10589
10579
10581
10586
10572
10579
10573
10550
10549
10544
10545
10548
10538
10529
10542
10541
10528
10528
10527
10523
10522
10518
10515
10513
10512
10507
10501
10501
10496
10491
10488
10490
10485
10479
10477
10474
10473
10471
10470
10469
10469
10469
10464
10463
10460
10462
10458
10457
10453
10451
10452
10443
10438
10450
10435
10411
10408
10424
10419
10405
10401
10403
10404
10392
10391
10389
10388
10385
10381
10379
10378
10365
10365
10368
10352
10364
10350
10349
10339
10337
10333
10333
10323
10327
10329
10323
10322
10317
10312
10310
10309
10296
10300
10293
10293
10290
10290
10290
10285
10281
10282
10283
10280
10270
10277
10278
10269
10268
10266
10264
10264
10258
10255
10254
10253
10253
10251
10250
10245
10235
10233
10224
10233
10235
10222
10221
10220
10214
10211
10208
10215
10216
10201
10199
10200
10198
10192
10188
10185
10185
10189
10187
10180
10181
10174
10174
10166
10153
10151
10159
10157
10143
10139
10138
10138
10136
10136
10132
10133
10129
10124
10116
10115
10115
10101
10083
10099
10100
10081
10078
10074
10070
10072
10073
10070
10066
10062
10061
10050
10054
10053
10037
10027
10028
10024
10026
10020
10024
10034
10020
10014
10019
10015
10012
10012
10011
9996
9995
9994
9995
9993
9989
9989
9989
9988
9986
9971
9976
9963
9971
9974
9959
9963
9960
9957
9957
9939
9939
9949
9944
9938
9935
9935
9933
9933
9927
9918
9917
9914
9899
9897
9899
9897
9894
9895
9893
9870
9865
9861
9845
9847
9842
9858
9834
9831
9827
9826
9826
9822
9812
9805
9803
9791
9786
9786
9783
9781
9780
9778
9770
9766
9765
9760
9759
9756
9755
9754
9747
9744
9742
9742
9736
9732
9723
9721
9729
9725
9718
9710
9715
9706
9709
9717
9704
9701
9700
9700
9691
9688
9687
9687
9685
9683
9683
9676
9671
9673
9659
9667
9658
9653
9649
9642
9645
9636
9633
9632
9625
9617
9614
9613
9607
9605
9600
9595
9592
9590
9590
9576
9577
9580
9567
9564
9560
9555
9554
9552
9544
9539
9532
9499
9522
9495
9496
9532
9494
9494
9493
9481
9483
9492
9480
9475
9474
9473
9469
9463
9458
9460
9461
9449
9432
9436
9429
9414
9422
9428
9412
9408
9403
9403
9403
9403
9397
9398
9390
9391
9393
9384
9380
9370
9365
9363
9361
9361
9357
9357
9350
9344
9348
9341
9337
9335
9332
9330
9328
9323
9323
9322
9322
9320
9300
9300
9297
9295
9290
9285
9282
9282
9276
9272
9263
9270
9242
9272
9239
9220
9228
9238
9219
9214
9198
9195
9190
9189
9189
9185
9167
9169
9182
9160
9150
9151
9148
9147
9142
9141
9134
9135
9134
9134
9128
9131
9134
9124
9117
9116
9082
9104
9070
9078
9070
9069
9064
9065
9068
9064
9056
9055
9050
9046
9045
9042
9034
9038
9031
9030
9028
9022
9020
9020
9019
9014
9005
8999
9003
9004
8995
8993
8993
8986
8986
8989
8984
8980
8977
8977
8976
8973
8970
8970
8969
8967
8965
8963
8949
8943
8938
8932
8929
8928
8920
8910
8909
8907
8906
8905
8901
8899
8898
8890
8888
8888
8889
8888
8888
8871
8874
8875
8871
8864
8861
8853
8839
8851
8838
8852
8833
8832
8832
8829
8824
8821
8821
8813
8814
8815
8812
8810
8812
8807
8806
8803
8803
8802
8786
8786
8780
8780
8778
8779
8774
8774
8772
8773
8755
8758
8754
8741
8733
8752
8751
8732
8729
8728
8725
8727
8725
8721
8717
8723
8716
8713
8709
8709
8712
8695
8698
8707
8692
8690
8691
8692
8686
8684
8684
8682
8681
8676
8671
8669
8664
8651
8652
8635
8645
8627
8623
8620
8620
8615
8611
8611
8608
8608
8605
8603
8604
8606
8603
8602
8599
8588
8584
8580
8576
8570
8569
8568
8566
8566
8565
8563
8560
8560
8558
8553
8552
8551
8536
8535
8546
8543
8535
8532
8530
8519
8523
8526
8518
8515
8505
8502
8502
8498
8492
8488
8490
8491
8488
8486
8485
8479
8478
8477
8465
8476
8471
8464
8463
8460
8459
8458
8454
8455
8451
8446
8449
8443
8443
8429
8409
8414
8442
8408
8404
8403
8401
8395
8394
8387
8387
8386
8385
8374
8380
8381
8370
8366
8366
8357
8362
8363
8354
8342
8348
8320
8335
8313
8311
8310
8306
8305
8303
8297
8299
8302
8294
8292
8288
8291
8286
8284
8283
8283
8275
8273
8262
8258
8250
8255
8257
8244
8242
8235
8233
8228
8226
8226
8224
8222
8219
8214
8201
8193
8211
8210
8190
8187
8181
8178
8175
8173
8171
8167
8164
8161
8159
8153
8152
8151
8144
8138
8130
8129
8128
8126
8124
8114
8115
8120
8110
8107
8108
8098
8100
8106
8096
8078
8074
8080
8079
8074
8065
8064
8061
8063
8056
8057
8058
8052
8042
8036
8041
8023
8029
8042
8019
8013
8009
7998
7996
7995
7993
7993
7989
7979
7980
7978
7978
7962
7970
7976
7952
7960
7935
7937
7943
7934
7933
7933
7932
7914
7929
7931
7910
7910
7908
7905
7905
7898
7900
7901
7894
7892
7888
7887
7880
7878
7877
7877
7873
7872
7866
7865
7860
7855
7858
7853
7838
7846
7833
7835
7852
7832
7824
7823
7822
7820
7819
7814
7814
7814
7810
7801
7802
7790
7785
7801
7792
7779
7777
7765
7753
7750
7759
7755
7729
7732
7725
7716
7713
7708
7706
7705
7701
7698
7696
7695
7691
7685
7688
7685
7675
7675
7674
7673
7672
7668
7661
7662
7662
7659
7658
7640
7630
7613
7614
7640
7610
7609
7609
7607
7598
7594
7595
7590
7586
7582
7571
7571
7576
7573
7568
7567
7570
7567
7556
7555
7564
7545
7540
7531
7525
7517
7521
7517
7517
7507
7504
7503
7501
7498
7501
7497
7499
7494
7493
7491
7488
7487
7487
7486
7485
7479
7475
7467
7460
7450
7427
7428
7436
7420
7420
7418
7418
7410
7414
7417
7407
7404
7389
7395
7400
7386
7382
7381
7377
7374
7381
7381
7374
7370
7363
7364
7370
7362
7361
7361
7342
7342
7333
7332
7330
7323
7320
7306
7302
7302
7289
7288
7281
7277
7271
7263
7261
7256
7254
7253
7240
7241
7249
7233
7226
7225
7223
7204
7218
7224
7202
7201
7201
7194
7192
7181
7173
7170
7153
7146
7147
7144
7140
7138
7152
7144
7124
7119
7106
7106
7105
7103
7103
7103
7102
7096
7096
7088
7088
7086
7075
7077
7069
7065
7059
7054
7057
7061
7052
7049
7035
7037
7045
7033
7031
7026
7032
7025
7025
7023
7020
7021
7021
7020
7019
7019
7017
7018
7013
7011
7005
7006
7007
6997
6997
7003
7002
6991
6992
6993
6989
6985
6985
6978
6976
6970
6973
6962
6961
6954
6951
6946
6950
6927
6934
6938
6926
6921
6918
6917
6912
6911
6907
6897
6898
6894
6897
6901
6893
6886
6889
6883
6891
6882
6883
6880
6868
6870
6862
6858
6858
6855
6843
6829
6836
6827
6843
6827
6826
6814
6820
6811
6802
6806
6806
6800
6799
6799
6792
6783
6777
6776
6778
6771
6775
6775
6766
6765
6765
6765
6761
6750
6744
6756
6753
6741
6741
6741
6732
6717
6716
6713
6715
6704
6704
6701
6699
6698
6696
6689
6692
6696
6686
6686
6676
6677
6672
6664
6666
6669
6660
6660
6658
6658
6655
6653
6647
6649
6637
6633
6629
6621
6620
6618
6610
6608
6607
6600
6599
6596
6596
6595
6589
6583
6586
6587
6575
6570
6570
6561
6565
6556
6561
6554
6552
6549
6551
6551
6538
6546
6536
6535
6530
6528
6521
6516
6513
6510
6510
6507
6510
6505
6503
6503
6502
6501
6499
6499
6496
6498
6500
6495
6493
6492
6482
6489
6484
6475
6472
6473
6460
6474
6454
6447
6447
6449
6446
6445
6445
6442
6436
6435
6433
6433
6429
6423
6421
6417
6418
6419
6417
6416
6407
6398
6400
6394
6379
6402
6394
6376
6372
6371
6367
6367
6366
6362
6361
6360
6358
6355
6341
6339
6337
6336
6335
6334
6335
6334
6332
6330
6322
6320
6316
6315
6313
6301
6309
6311
6300
6297
6291
6279
6275
6273
6266
6259
6258
6258
6255
6249
6249
6241
6237
6236
6234
6234
6230
6225
6224
6229
6227
6221
6220
6218
6212
6205
6201
6195
6203
6201
6193
6178
6175
6174
6167
6169
6165
6172
6162
6136
6145
6151
6135
6133
6132
6132
6132
6127
6121
6117
6110
6105
6102
6098
6101
6102
6096
6092
6093
6089
6080
6088
6088
6075
6075
6068
6066
6068
6066
6061
6061
6057
6051
6049
6056
6048
6047
6045
6045
6041
6030
6037
6041
6027
6021
6019
6018
6016
6015
6014
6013
6009
6009
6006
6008
6006
6004
6002
5997
5995
5990
5986
5985
5984
5983
5980
5980
5982
5980
5976
5968
5966
5965
5962
5955
5957
5955
5954
5945
5948
5942
5935
5933
5934
5932
5930
5917
5918
5924
5914
5912
5903
5900
5899
5899
5893
5891
5891
5890
5889
5883
5877
5876
5860
5858
5860
5854
5853
5852
5848
5849
5845
5841
5838
5836
5830
5825
5824
5828
5821
5816
5819
5815
5801
5804
5800
5782
5793
5794
5779
5780
5771
5766
5762
5763
5765
5761
5756
5755
5746
5740
5742
5746
5738
5733
5727
5721
5725
5725
5716
5698
5705
5686
5680
5684
5684
5679
5678
5680
5672
5662
5662
5670
5661
5650
5645
5639
5627
5623
5622
5619
5615
5610
5600
5594
5582
5579
5580
5573
5590
5572
5578
5564
5570
5563
5556
5572
5563
5545
5553
5554
5544
5543
5541
5542
5533
5535
5536
5529
5529
5531
5522
5521
5519
5518
5516
5511
5508
5509
5510
5506
5499
5497
5492
5488
5482
5481
5481
5478
5480
5478
5470
5470
5469
5466
5462
5450
5460
5448
5443
5442
5432
5442
5431
5427
5425
5421
5421
5420
5419
5419
5416
5413
5410
5409
5408
5393
5385
5392
5385
5381
5380
5380
5378
5373
5357
5346
5346
5341
5337
5337
5330
5327
5326
5315
5319
5313
5312
5310
5306
5305
5305
5301
5301
5303
5294
5298
5292
5288
5288
5281
5281
5280
5277
5278
5276
5275
5273
5266
5272
5264
5263
5261
5260
5258
5252
5248
5241
5236
5231
5231
5234
5225
5228
5219
5218
5211
5203
5196
5192
5186
5182
5180
5171
5172
5176
5169
5171
5163
5171
5159
5158
5157
5153
5153
5147
5143
5135
5132
5134
5134
5131
5127
5125
5121
5116
5113
5103
5109
5110
5097
5095
5095
5083
5082
5081
5077
5073
5071
5072
5069
5049
5064
5044
5065
5039
5037
5036
5029
5027
5025
5025
5017
5006
5008
5012
5004
5001
5004
5001
5000
4998
4996
4995
4995
4994
4990
4989
4982
4987
4980
4977
4974
4969
4963
4967
4967
4960
4960
4954
4959
4927
4943
4938
4918
4917
4914
4912
4910
4904
4896
4889
4874
4879
4864
4874
4880
4856
4852
4848
4851
4852
4847
4843
4839
4835
4832
4832
4831
4824
4820
4823
4818
4818
4817
4815
4815
4812
4808
4806
4802
4800
4800
4800
4800
4799
4799
4794
4789
4788
4787
4785
4779
4776
4774
4775
4775
4774
4773
4773
4771
4770
4766
4765
4764
4751
4750
4749
4744
4744
4740
4742
4742
4740
4738
4729
4732
4726
4723
4725
4722
4720
4718
4702
4699
4717
4705
4698
4690
4683
4668
4672
4675
4661
4664
4665
4661
4659
4657
4652
4646
4643
4640
4634
4634
4634
4630
4628
4622
4622
4618
4613
4611
4611
4609
4607
4608
4606
4604
4601
4599
4596
4592
4593
4590
4581
4575
4573
4567
4558
4563
4555
4543
4539
4547
4543
4538
4538
4536
4535
4533
4528
4527
4525
4527
4519
4511
4509
4508
4508
4505
4507
4503
4500
4500
4500
4489
4487
4486
4479
4480
4477
4474
4468
4464
4458
4456
4456
4451
4442
4446
4448
4442
4440
4428
4417
4416
4411
4411
4417
4409
4407
4404
4404
4400
4396
4396
4388
4382
4382
4380
4378
4370
4364
4350
4349
4327
4332
4338
4323
4320
4315
4306
4289
4290
4290
4287
4284
4277
4275
4271
4274
4274
4270
4267
4266
4265
4264
4262
4262
4260
4244
4245
4256
4244
4243
4243
4241
4241
4242
4230
4231
4225
4222
4226
4225
4218
4220
4212
4202
4210
4211
4197
4198
4199
4195
4192
4192
4192
4165
4182
4190
4164
4162
4158
4158
4156
4154
4153
4142
4137
4134
4133
4123
4121
4116
4105
4106
4113
4102
4102
4098
4101
4096
4087
4090
4092
4077
4082
4075
4075
4058
4069
4083
4056
4054
4043
4034
4031
4024
4022
4022
4021
4020
4019
4015
4011
4009
4015
4013
4008
4005
4004
4002
3993
3985
3981
3969
3969
3968
3968
3957
3963
3964
3956
3955
3952
3946
3943
3935
3931
3930
3930
3930
3928
3925
3924
3911
3909
3908
3907
3907
3902
3898
3886
3882
3873
3877
3881
3872
3866
3860
3855
3854
3847
3852
3842
3838
3835
3831
3829
3831
3830
3820
3818
3816
3813
3809
3806
3800
3798
3778
3791
3797
3771
3773
3774
3768
3766
3766
3764
3761
3750
3759
3747
3760
3731
3726
3724
3723
3719
3721
3718
3712
3711
3705
3702
3697
3695
3695
3680
3677
3686
3673
3670
3657
3652
3658
3648
3648
3647
3646
3645
3644
3640
3639
3633
3626
3631
3628
3619
3618
3618
3609
3609
3609
3609
3607
3607
3606
3606
3604
3598
3597
3596
3595
3589
3586
3562
3572
3560
3551
3560
3543
3531
3537
3539
3526
3513
3514
3511
3511
3511
3507
3507
3505
3505
3501
3499
3496
3495
3488
3484
3478
3470
3473
3479
3470
3467
3468
3460
3459
3451
3450
3445
3433
3433
3436
3424
3422
3420
3421
3422
3417
3397
3405
3405
3394
3393
3381
3381
3378
3391
3369
3373
3377
3365
3360
3359
3358
3355
3352
3350
3350
3341
3341
3340
3337
3331
3328
3320
3322
3323
3315
3310
3306
3301
3304
3300
3296
3275
3274
3268
3268
3269
3267
3265
3262
3263
3256
3256
3255
3254
3250
3250
3249
3243
3238
3243
3232
3236
3236
3217
3216
3208
3206
3204
3202
3191
3202
3176
3176
3168
3188
3167
3166
3161
3161
3153
3158
3156
3147
3145
3135
3134
3128
3122
3122
3118
3114
3109
3110
3110
3100
3097
3097
3096
3095
3079
3078
3074
3071
3070
3065
3065
3063
3062
3062
3048
3048
3056
3040
3046
3044
3036
3038
3035
3034
3029
3025
3018
3020
3022
2996
3010
3014
2992
2992
2983
2979
2979
2974
2976
2956
2958
2960
2939
2937
2937
2932
2928
2928
2926
2925
2922
2922
2912
2909
2904
2904
2900
2893
2888
2885
2883
2882
2879
2876
2866
2875
2856
2856
2854
2853
2853
2854
2848
2851
2845
2844
2840
2834
2833
2833
2824
2823
2828
2821
2815
2818
2814
2806
2805
2814
2807
2793
2794
2792
2780
2769
2765
2763
2764
2761
2763
2741
2748
2750
2740
2738
2727
2724
2721
2721
2716
2716
2705
2707
2697
2696
2694
2697
2690
2685
2680
2665
2671
2672
2665
2652
2648
2650
2649
2646
2640
2629
2631
2635
2629
2623
2622
2621
2619
2613
2613
2608
2608
2607
2607
2606
2601
2602
2599
2595
2593
2590
2589
2575
2562
2560
2561
2554
2559
2559
2553
2553
2551
2542
2542
2525
2534
2542
2525
2521
2518
2518
2515
2516
2515
2513
2511
2510
2509
2509
2488
2494
2477
2479
2506
2474
2468
2456
2466
2451
2449
2446
2444
2443
2441
2436
2437
2437
2432
2435
2436
2432
2429
2426
2427
2431
2423
2423
2423
2419
2413
2408
2411
2417
2407
2401
2398
2396
2395
2390
2391
2390
2381
2378
2377
2370
2364
2361
2357
2357
2355
2351
2351
2349
2346
2346
2345
2343
2341
2337
2336
2336
2335
2332
2327
2322
2319
2319
2317
2316
2306
2298
2297
2296
2287
2287
2283
2281
2275
2275
2274
2262
2260
2259
2254
2252
2248
2246
2243
2235
2231
2226
2225
2220
2213
2213
2218
2211
2210
2209
2207
2207
2199
2206
2208
2197
2191
2187
2184
2180
2175
2174
2174
2173
2169
2167
2163
2161
2149
2158
2129
2127
2147
2146
2121
2117
2116
2115
2112
2111
2104
2108
2106
2099
2097
2090
2088
2076
2075
2059
2058
2057
2050
2049
2025
2039
2041
2024
2024
2022
2022
2019
2015
2011
2009
2006
2007
1996
1985
1993
1978
1976
1973
1970
1971
1965
1960
1959
1957
1957
1953
1950
1940
1952
1922
1929
1940
1916
1915
1911
1907
1895
1894
1891
1889
1889
1883
1881
1878
1868
1875
1875
1866
1864
1863
1862
1862
1862
1841
1835
1835
1833
1832
1827
1820
1825
1818
1825
1814
1812
1811
1804
1792
1798
1788
1789
1792
1773
1773
1772
1773
1770
1742
1764
1764
1741
1741
1731
1728
1722
1722
1721
1720
1717
1713
1714
1704
1702
1693
1695
1702
1687
1680
1682
1666
1664
1664
1644
1661
1627
1633
1635
1626
1625
1623
1622
1615
1607
1603
1600
1592
1595
1597
1591
1590
1588
1585
1579
1577
1567
1563
1562
1558
1547
1551
1552
1544
1542
1538
1539
1539
1536
1537
1532
1531
1530
1525
1522
1523
1524
1521
1518
1516
1515
1512
1510
1503
1510
1499
1500
1497
1496
1491
1495
1481
1482
1479
1473
1470
1470
1458
1451
1444
1442
1432
1428
1426
1426
1425
1420
1420
1424
1412
1411
1407
1402
1404
1398
1401
1398
1397
1392
1380
1379
1371
1365
1356
1355
1350
1352
1348
1345
1331
1329
1327
1321
1316
1316
1313
1314
1307
1305
1312
1308
1299
1301
1304
1296
1288
1286
1266
1263
1261
1250
1236
1247
1219
1224
1248
1213
1206
1202
1204
1204
1202
1190
1187
1184
1168
1167
1165
1165
1167
1154
1159
1152
1151
1150
1149
1146
1148
1144
1143
1132
1131
1130
1120
1121
1123
1119
1117
1116
1104
1096
1090
1081
1080
1087
1078
1079
1076
1072
1048
1053
1062
1048
1047
1044
1041
1041
1039
1039
1036
1036
1032
1030
1026
1022
1018
1015
1015
1014
1010
1009
991
993
989
987
980
978
971
963
970
971
960
954
946
951
951
945
944
940
927
925
901
900
895
883
883
881
880
875
877
871
872
870
867
865
861
856
861
860
856
853
847
845
843
839
837
836
839
833
831
828
825
822
817
817
816
816
798
797
802
800
796
796
795
790
793
788
787
782
771
771
780
780
766
769
764
763
761
761
760
759
758
759
759
754
751
747
744
744
737
736
737
735
729
724
721
718
717
715
714
715
714
712
710
704
706
702
701
698
697
693
681
679
678
673
672
649
646
633
632
631
619
616
617
607
616
597
586
582
581
570
567
566
564
563
563
561
555
550
555
550
548
548
540
542
542
540
539
539
538
537
531
530
525
518
517
514
512
506
510
504
496
495
483
483
487
477
483
482
470
467
456
443
442
435
431
434
431
427
425
416
421
422
415
411
415
409
409
406
400
400
399
398
391
391
393
390
389
385
384
380
379
360
370
356
348
349
349
339
341
337
335
337
334
333
333
332
332
325
324
324
322
322
316
309
301
313
307
300
296
298
292
291
286
285
283
283
281
279
277
267
255
258
264
255
253
247
240
248
236
232
230
228
219
220
222
212
212
211
194
202
203
193
193
190
192
180
180
183
172
172
165
161
159
158
155
157
154
150
148
146
144
143
140
112
127
133
106
104
94
92
89
84
83
80
79
79
79
78
75
76
77
75
67
54
64
69
52
50
49
46
41
37
37
41
35
20
18
13
17
13
13
11
10
1
