22143
3110
11966
6715
17448
3747
28187
3048
21270
23611
9068
27114
13937
21575
1592
19707
9756
2281
29349
10490
28045
25236
3820
11405
23772
7374
25867
17418
20505
52
17594
17304
16611
32191
415
31889
5686
3911
25029
16939
9861
325
20555
8536
8201
2525
10329
20458
19288
20764
11352
5883
23609
20094
32099
15500
17591
8115
9976
12396
15988
15522
4852
92
32320
11439
31166
22384
17898
8505
8898
3256
18518
6503
2337
1312
5072
29477
14502
27797
30368
3433
30461
2665
4575
24507
3359
13561
3721
10996
17681
10381
10451
10054
28622
17791
1470
21372
1922
31136
1772
18819
16888
22743
4274
15402
10070
10507
30320
550
264
25923
285
21081
13562
31756
17446
5460
24842
19740
13433
28698
19133
10804
13788
27686
30512
24395
4740
24752
32594
1512
4323
301
29777
10192
7105
13589
26706
29921
12430
7400
28517
4158
2039
26739
11448
14508
11447
25168
16395
20540
29872
21676
10083
1835
4154
11084
26883
11782
9147
30418
6552
29457
8056
13629
4788
3818
18858
944
28029
9322
11989
7540
5543
22476
27733
19519
2207
24849
2361
11703
5385
7586
20821
29234
11885
25912
26259
30912
10541
9721
31882
27755
29371
3044
29266
18109
6664
14190
16022
23427
15424
18285
25066
20945
10676
14902
21343
11846
22296
27138
6997
21137
28398
10391
4241
5684
5954
15908
27536
23688
16280
20332
9242
19458
2851
28454
19738
2740
11063
24228
25260
9239
15873
16820
15992
31751
1398
18884
9791
29455
2697
7241
10419
8167
161
30817
15500
16955
32074
24502
21976
21166
22570
18086
26002
21535
18232
4002
30583
18987
2856
21972
25109
30963
16425
19205
15653
21023
9939
11453
4634
13091
31067
5292
31482
22720
8458
10312
9069
11214
24557
27576
24596
19258
17101
15345
20507
30539
28513
13343
15634
16937
8899
582
11512
10655
29729
28457
23193
32288
12213
7531
2075
15112
24055
17396
24531
13349
19217
26518
22365
15478
8851
22512
18667
10802
29544
29587
14045
23564
12297
30564
28050
9142
32496
23874
30590
14756
28496
3560
6013
7698
26115
27156
15719
2888
22211
28393
10469
23837
7582
31121
11907
4538
3236
28200
21254
18336
483
17877
12543
23789
6549
18490
23712
5082
20631
29711
14799
24713
11037
23305
30841
17406
13221
29953
11049
22635
26153
11858
11225
29360
23449
13699
17160
32034
18824
19494
17676
28555
10790
7935
6570
2163
8302
26985
25060
11166
27808
26614
12306
2518
1266
24150
1588
30187
9858
13434
3719
2807
29328
28408
16982
2022
27626
1714
29459
1078
26791
25523
27046
25084
19480
32601
4101
8488
7420
29113
22789
30729
19443
28223
23152
21780
15926
29589
19799
11745
28804
12998
26793
16246
18016
29092
18949
9160
22905
27751
24781
24703
23914
31382
3964
21242
27555
31531
30521
7571
19367
19442
8620
31268
2937
20530
32016
5578
31824
19087
24201
23016
26514
3631
32440
18031
4096
19228
9357
16733
21294
31209
29277
32644
32567
10905
2357
27277
12462
15036
30317
10300
19672
14043
8064
9974
27672
27414
8219
21376
18602
26380
20083
23561
1428
30971
23004
9323
25050
25640
14232
20398
11250
22146
20972
717
2423
24962
11641
17597
26402
31317
30922
8108
9461
17725
14890
26503
21177
12341
4024
18878
4267
8404
13757
2635
26739
14707
18236
4593
12885
31122
27851
12737
23211
15736
28066
16355
7059
24858
22258
29075
32485
2622
11640
5738
15464
24032
23889
6367
18501
9429
23568
26637
9659
9134
12558
11959
21013
10719
22529
31625
23513
7201
12752
16032
31299
32276
30630
16461
14577
16169
25670
29974
3040
20159
1950
21246
24471
15244
30878
3079
31138
25151
22858
20980
15682
28515
24846
1875
10339
14471
24914
443
7374
12444
30799
16723
18848
31646
26145
16787
18683
25975
14365
18255
17915
16416
15972
20465
16108
27913
32696
1542
14266
5563
8079
24316
28840
22460
27238
17961
30021
26546
31832
30992
6045
28620
13807
30944
11180
11614
29498
13630
5912
4555
14624
21572
2335
27304
19699
15306
28365
21790
27209
16356
30579
144
2823
6827
15702
1150
30142
4417
26276
19882
1595
27151
21164
26233
25689
6225
10061
7835
7450
16597
21167
21998
20982
31743
21810
28320
29299
30993
26532
10901
13302
26281
20919
30728
15321
17548
1202
29044
12221
673
20070
5301
8226
4417
14436
30058
309
18094
26477
28319
9704
15840
3882
6057
29000
4744
19997
80
12812
7759
1496
30772
23657
7006
877
25961
5678
20516
3109
28261
18700
10323
8821
31516
12085
24364
5933
20841
3626
7933
15091
20656
5069
14824
17392
4290
2494
24549
15305
26624
21220
30218
2513
7364
26442
29451
28029
17916
16941
25853
32024
7960
30291
1119
31927
21287
23710
30810
8560
828
4320
12360
5319
3095
12529
30324
19561
20225
4607
8224
2589
504
24614
32461
6135
19212
23616
30390
5326
11017
11263
24222
25841
31574
28729
3275
6934
797
5506
13651
28051
26540
4864
32150
3025
31772
2939
26892
26621
13360
1204
833
18688
15999
10488
27421
14514
2518
18164
9065
8778
14808
971
19599
13594
20199
29542
11169
24441
1352
2828
8861
30208
12161
8754
32240
23289
4102
30100
15160
14868
30229
24708
11598
11356
8671
16514
8580
22634
13288
14094
27179
25304
11184
15802
29273
17145
14739
16515
16105
20423
26606
12897
194
6429
24451
20509
7261
24871
19231
1379
19073
18966
7802
10264
13905
3096
17502
32237
15497
18311
30731
16437
12293
18272
19931
4596
18307
18424
12066
7224
6313
5610
19800
17580
17482
6484
20602
12906
14309
8515
17581
5393
10350
875
2853
25111
10833
25628
21061
31841
2741
14961
22791
31249
19965
25803
415
31904
30613
24957
30555
20268
32491
32713
27598
16147
5563
7436
12077
25280
9104
16949
10233
17093
6792
13691
28126
6442
2391
21584
3036
6917
3726
18832
11684
75
4382
29695
15429
15846
25111
4338
11783
9736
11190
32588
3479
25278
20895
11948
31845
32456
9831
3813
13387
28840
6741
5039
19567
23545
18282
8348
17770
32002
32414
29005
8362
29323
14957
20965
1812
23023
6802
15294
17134
29043
19731
10843
4349
13526
2173
15518
3306
10282
31601
30267
15595
17634
21855
13677
159
15659
19602
12520
26425
2432
17773
4622
12512
29816
32500
32613
32598
6371
26766
11081
31192
1558
1288
15070
26694
32387
32478
6473
2436
1165
20918
2848
10528
10650
11566
5662
14389
21353
29911
4380
28047
27558
385
28732
12559
11707
1978
8552
22097
1770
18321
3323
27277
15512
27040
3773
6587
19692
11593
31509
28411
15769
19519
1146
29747
19704
14152
5419
29946
14682
4162
28960
26805
4764
1380
13376
18431
18940
29127
212
20815
29738
26405
29244
212
29091
1248
10208
16292
28986
16454
31850
3606
247
531
15667
11628
8485
15671
30202
3254
3495
25306
9436
31987
12683
22430
27264
28792
30946
20004
2707
18838
29902
10961
20596
31863
1500
21714
11312
2121
148
6237
7088
2974
79
32314
13361
30739
23625
15491
24565
10544
29431
9384
9272
25232
16283
12981
870
31042
28181
8664
20363
11374
24828
10782
267
28988
24045
19325
26003
13809
21539
18967
15183
24668
29000
16317
3166
2928
30859
26290
24195
18482
4083
434
2845
26070
30707
1331
21337
1316
24894
26091
1190
31521
21724
12434
16745
18156
25214
20201
16882
7910
2319
7675
8623
22805
3467
14755
3232
13003
13332
8526
24843
15234
3907
6658
6513
26379
22972
29088
4800
2792
3589
1894
714
19190
12440
15799
13046
14671
54
14623
21302
11630
127
4242
31033
5780
4800
21236
8161
19819
4364
1503
15095
10473
8078
416
13086
23160
10269
20098
24069
21844
13329
26448
18145
17716
6229
1301
23323
22572
10174
22566
20293
24530
24475
21090
20563
3488
17038
26297
21768
20121
21914
25067
9134
2607
29564
16530
24586
18533
27199
9827
13711
817
5899
23217
29138
10020
29758
28210
9022
1868
19901
28166
4105
18522
3981
18421
6502
1792
25245
17401
24317
15773
3046
14076
13976
11548
16822
21218
19487
19737
27465
14282
32198
1862
32410
10897
18565
16910
28792
5272
22729
32376
27356
12488
4969
3405
15738
2515
10971
8061
15510
11708
5288
13759
537
15001
29469
13176
17636
10392
18243
6366
14948
30016
32530
10333
13927
5113
13282
31546
32046
18383
11554
18806
31683
19059
31564
26869
23181
25730
16152
18399
7713
23306
28913
26183
19035
22091
15525
4874
15278
9658
17760
28666
10936
1356
26075
316
3609
18416
16593
19439
20102
2909
13747
18446
281
22799
3484
10648
7147
22668
29831
17646
22757
30444
4800
4732
15059
10136
23192
5531
26810
8786
24157
10934
21356
17014
17033
172
22873
27519
8250
16758
23720
5836
27618
11786
32647
28325
13376
12671
31423
6777
19855
12145
17035
8297
15613
4519
28074
11
30814
22771
4787
27239
20002
13658
4009
15174
2436
26997
28623
6061
9989
32023
25533
21924
11545
817
32692
4411
32032
30450
13359
4815
12439
29746
13498
27274
22160
20240
16647
25897
9567
20186
1087
15874
29847
4142
32406
12869
4917
21087
11554
22914
19994
13338
25581
26475
15039
9034
3657
15068
6692
1080
18787
24088
26633
21495
3355
23638
27233
18943
22291
4220
21764
15640
3078
20778
21924
20346
860
7674
7170
9778
28923
12806
12897
12231
8543
8107
14907
15902
15341
22925
24884
30619
32644
19675
8780
25481
11606
28885
10072
5564
5622
28555
24243
15732
31921
19431
6449
7045
17698
10477
17492
9141
7937
5698
5315
19814
9276
1515
13559
22389
7497
20312
19512
865
24506
25505
29128
2992
31506
5903
24670
22926
10199
9182
32213
15800
11496
19009
2854
12440
12049
12711
4244
23985
7901
28477
23078
32318
14507
21940
6234
18198
19204
29252
31000
28115
14124
23281
19685
2355
24567
12813
3161
20671
31454
766
20947
32682
30546
23617
7019
24315
28753
19119
26920
15087
23606
6655
2932
18328
28373
32397
13772
14539
25031
3161
10684
4409
5891
8019
3595
27868
18862
6358
17971
19093
16693
5746
24083
6419
15000
1518
24040
2806
31753
14989
6778
30260
18101
26513
21907
17084
6882
9214
17077
11354
570
23456
17420
23515
21606
20815
29602
7025
10719
5746
19666
10841
28929
7106
2559
29626
22882
16209
2694
11473
2401
31690
21744
7755
20994
7418
2413
7410
21753
7567
22654
30092
20740
4640
20977
20480
2174
17774
8210
19899
30258
27114
800
26450
17517
1143
8446
19817
14935
29808
32043
20691
4994
15597
11508
5627
30148
29506
7144
6018
31042
30409
29837
15401
30414
21986
337
1010
4211
1079
6595
4226
10317
17989
28675
3274
14750
30232
21111
14310
18463
1365
13760
5957
22932
24702
6893
5131
11683
6002
9710
1971
10214
28467
30795
31737
8255
16620
9238
8695
3436
18995
19230
17550
15835
21131
15973
14855
4799
18989
12756
6394
29027
17928
22574
13423
24254
32006
31555
9028
31049
10897
25702
22223
17677
31318
10528
1219
32256
24904
12326
26712
25745
2024
649
7846
14466
10692
15661
8786
22006
3646
13948
10861
10443
32399
11355
28825
27177
23820
3677
8814
23643
16807
14391
540
30942
16312
12405
31313
17592
14590
16235
10589
16139
25056
29293
10132
7658
23289
24387
3315
19819
980
15319
31239
25854
27380
7729
10251
1789
32536
30885
17489
24196
26045
9803
6883
12162
6883
7088
21609
11536
15892
4043
19277
2562
12451
12595
15390
30652
26930
15247
21810
1864
8310
333
27024
8357
15167
15767
19212
1121
5554
17026
4020
2922
5081
22409
18027
6433
7007
23611
24276
29616
23188
816
18546
30365
183
14657
3341
21408
19317
3320
27223
21938
3501
10822
11983
23143
4982
15988
24038
30077
1891
22620
24416
29365
15622
6361
15870
10721
1202
18300
14682
22847
27781
8065
12050
31237
4774
26881
7976
17213
27852
12905
20393
20179
10496
15914
21389
5357
2979
30898
30943
12666
28338
2716
25118
10254
17993
23331
20194
6637
20070
5853
22466
8806
17904
3750
8566
19810
23288
729
19257
23612
11326
11975
7281
19667
1015
10337
13714
22238
12237
26680
18496
21376
6696
3496
6836
17181
2220
13135
23136
25963
9219
26564
470
6092
11484
7814
21990
28123
563
11571
15878
14404
23763
10491
31736
28122
25626
14419
1702
10979
32765
11502
3153
15030
3147
31209
24554
24457
20790
23110
21952
19588
25871
15259
21340
1562
23377
16651
5801
7320
25825
29302
30809
29950
17812
27629
11651
5135
17138
8553
19601
8100
28730
2748
6489
2629
31654
19399
23690
7418
24815
11502
19018
21343
9492
30665
15389
15863
32600
3100
16905
24258
5001
16650
20216
13330
8584
26245
1117
26010
19974
31497
24858
18376
26764
27018
22434
10581
21182
25515
3930
7962
27872
11312
21830
16933
11161
26038
32737
5132
15095
14753
19020
32129
21172
27479
27307
6951
8120
11180
26573
19620
26334
16540
29195
14840
17659
21824
17266
17165
12317
1531
19236
3470
7696
31989
10235
9469
29735
13002
13936
24832
9272
10115
13755
1532
6889
10181
18492
21477
25386
29256
21274
30549
8963
20875
298
4315
21904
32198
27922
18069
26186
23329
13998
5121
4487
26659
1970
19472
11845
28781
19345
380
17699
22440
7838
18780
6320
4284
14449
3062
744
5442
21901
22484
19452
28989
25664
27418
24146
14084
30922
26390
31693
28547
19649
25113
22606
23203
19891
19333
15739
5127
32526
22056
7103
28665
13117
23752
11409
9380
24596
29951
2554
4995
4718
9290
24401
18201
17684
27484
5962
30947
7905
7096
11055
13195
23588
11134
30572
25950
26438
31621
14673
30464
25773
17323
6676
14942
13791
6505
27413
17893
14315
17579
30566
4082
16645
22238
3723
24201
8560
14410
11390
24393
11169
8098
25335
31647
1953
10201
26601
15675
21939
30776
27984
22208
25655
12974
9770
9408
31950
7271
7363
15079
3263
13471
15926
20854
11417
11705
16177
9971
19226
31883
15864
10783
32592
29181
17837
41
17918
4818
5838
15137
11841
8645
22783
21679
14707
4056
6666
16645
29264
18153
15908
11794
32599
646
17778
17145
13427
11010
2763
29633
26587
26312
24512
15694
3639
22000
10713
23952
25092
11280
25890
23546
6713
7253
12262
30262
29739
19410
17339
17687
5294
15895
32702
11727
1149
28678
26656
29538
19420
5346
16098
31834
29051
10665
6620
8381
24734
21156
6660
5180
31355
14140
10221
16557
22243
20495
22926
9403
30757
23363
25925
2780
30256
27418
17948
11396
25847
17095
30026
5529
31258
30081
23805
23590
13762
31701
26710
83
4812
13120
21685
2197
555
31741
10296
11810
13703
26908
29054
11688
32042
14036
13489
4158
15645
31514
10691
155
15758
17522
12279
133
23157
6918
6820
4749
22136
6133
15158
11258
21771
1773
19573
771
16347
17916
8970
3393
7021
22435
18238
16995
3842
23341
23558
30500
9151
24382
30525
25722
32522
17071
20272
12048
7223
6041
24927
759
18788
15536
30338
6041
27553
8403
10187
12270
20053
25825
18795
27378
477
20429
24151
30806
3445
18677
31052
1397
30812
19631
12048
30347
28211
3877
32252
16417
678
16740
20151
29900
22607
11439
29252
23319
11991
6169
16703
8126
7263
11347
16483
30749
30238
18882
28240
18663
11339
1236
7819
9499
7485
15509
1479
14644
9169
32637
23395
30369
25868
12940
13363
4980
8449
11930
31363
12894
2805
18408
10073
18139
27842
29690
8443
2474
6521
425
25265
4480
29515
6004
20940
25597
2218
27671
25575
4831
3243
27999
31341
14710
11951
18748
5980
28248
5442
3352
20296
32085
67
20327
7330
32173
22086
6015
30778
6273
8502
30634
23299
5000
15935
3450
3350
29699
17642
23645
26106
19955
27018
13937
25123
5001
24280
10138
12728
30942
31450
5841
9370
16356
8969
4543
6049
157
17330
30346
18217
16778
22173
28655
10957
29799
15597
30609
15986
11029
28743
21136
23688
6360
20278
15454
3468
13250
2254
13262
28881
2671
27536
7790
8833
8691
7054
13847
17118
28689
29648
29890
718
17838
5877
29341
22935
15748
29469
27231
18407
795
15623
22488
19479
1525
9847
25804
27568
27913
21467
6145
30255
24180
21805
31383
25861
28522
9755
10136
31970
20594
31078
31184
5171
2515
21384
19423
8938
23625
14489
32396
32637
6653
29043
14684
27953
2996
11285
6500
24472
13895
31557
16987
5976
5203
31098
1523
31791
6193
4856
5481
22580
2601
15165
29019
22624
5858
4508
3035
30284
8733
14632
20673
12092
12707
26579
2117
11357
1148
28887
18381
16459
10850
20053
25859
24022
12150
28220
7979
27654
12337
18029
29364
7005
27036
29725
19212
8283
6596
27258
1721
30536
17512
29841
422
5421
12278
3695
6586
10788
11958
22918
25007
22737
2116
12371
30242
1841
5955
7486
10470
11410
28496
14530
30366
16611
7989
13005
31371
12590
25439
2922
21666
32099
23699
16029
13794
25431
7900
26510
1764
15116
11464
7914
23732
26675
13011
6279
12255
1263
5924
17479
2509
10716
12663
30270
7249
30544
16219
23063
30591
17377
26781
13747
20926
5159
26628
16148
5662
16323
11326
2426
11499
26527
1307
19915
12930
8568
12537
4664
4195
31898
24192
29982
11400
17387
30351
7978
8949
8491
17013
8385
15761
1402
16997
16031
7732
31515
18468
29118
20225
17527
10757
7801
11510
27749
8727
18161
24769
11176
11677
15536
22997
18361
190
5516
32702
20168
25214
26574
3505
21757
1261
4500
19560
5891
11678
3956
7725
9671
16987
9826
4404
32637
3607
25812
27693
14821
21028
16164
26906
8652
30631
19253
4702
29653
30024
24409
30231
4729
15662
6258
9134
23885
18218
2904
10157
3459
2866
9595
31184
15284
18
202
4446
29405
29278
11987
5049
29863
18347
16171
20788
4843
510
1296
1062
17013
6021
24653
1597
19208
29317
3422
28692
14499
11668
16597
22279
29187
24584
4604
7494
6249
3759
30908
2088
5277
5313
25277
4290
30003
6418
9167
8889
525
25484
17801
15700
10529
9949
31279
10965
10364
4717
14041
16906
6535
16531
14546
26143
16778
21768
31295
14518
19310
24476
23041
12857
20167
22311
31452
5231
18450
16579
7640
27470
26170
22328
31719
4113
20834
18104
25289
25226
20190
20685
6445
11448
26242
27791
19993
25756
27936
14106
6027
16457
6220
18495
17505
20539
32610
16250
1398
5097
11723
7460
12814
15517
10875
15338
11124
4740
6334
32382
9185
12289
22069
1420
19616
1863
14875
496
12144
26151
22989
30502
14122
27686
30346
514
11171
9939
30839
30625
9428
18520
6886
28831
14648
11342
11735
5258
27510
7894
4287
14743
6976
6629
19081
11412
32123
27871
25307
13598
24480
616
24730
10772
14946
14455
4528
10828
22417
32427
13
19844
3902
12003
14315
24987
24608
21513
17239
2049
26422
21294
32493
18284
31406
10972
11235
26060
27654
15527
25417
7810
13681
21766
20110
2252
5756
25953
18759
17028
25585
9323
20524
13067
3835
2226
24931
31360
10124
20853
12802
24885
24060
4533
23759
23395
18419
29070
28234
29980
27784
6600
29165
14978
23466
32170
25778
28727
21695
30478
12502
12308
16524
26811
5852
15902
597
23278
10198
10677
25669
17978
13536
3855
8976
146
22509
3301
23766
165
31174
17004
26443
27498
31055
27015
20757
8187
22540
24891
4725
13734
4069
15459
12586
8257
30246
10405
23442
28351
20426
16804
16147
22529
31481
9335
7609
2542
20943
22363
26400
28358
10847
22948
22677
23731
6136
28666
26744
25506
20903
193
228
11600
25084
5337
19859
9128
1041
20616
8443
20812
20937
30900
13501
12402
10070
22614
18752
23537
24574
6699
26777
22171
20510
27309
20655
23758
8303
30273
18588
29766
28296
6066
25942
11829
22180
19166
398
20374
19110
14255
27864
21438
23130
26957
5645
32052
20734
1426
13549
26818
19457
6335
14089
22220
12042
18797
29665
7905
6460
2246
27721
400
16313
4852
6417
19581
20836
21466
3300
1204
18412
1026
28017
2876
18950
4567
1993
28656
761
11029
1032
26250
4960
31357
31800
4609
32555
28109
31346
6677
15592
6127
8774
16167
19009
881
2398
24655
27077
2357
861
10153
28139
32618
25869
20719
13651
21690
698
15949
15440
27589
28121
20336
26532
19151
13806
12001
27786
29621
12460
2449
31226
30758
3421
25781
1832
7695
14212
1491
27470
10327
19649
8477
8875
6093
10742
16895
25803
30815
21416
8692
28682
3724
15784
24989
11860
31004
13810
22548
5934
6926
30421
27774
29434
25042
9300
11743
25462
15288
14541
7475
21895
21161
9432
23994
16437
24341
9842
16275
21750
10028
7003
22668
1327
32337
21180
7993
248
22731
8717
15427
4896
18366
16694
1539
32368
29018
12788
23119
16436
22867
13951
19092
23544
3473
7018
20005
5264
2856
22730
28371
13915
28554
20122
9150
22216
18940
8286
20075
11544
8518
29703
3606
26726
431
6167
23881
9957
10024
21765
11693
29290
6088
28131
30241
26154
17016
5182
26377
25028
30192
21318
14568
28034
17378
13870
18738
13275
9332
11734
31067
13373
28148
31144
1076
4874
29895
6080
15735
10977
26531
79
28576
17182
15359
12353
19455
4004
16071
18205
8460
24026
7507
15405
19194
4851
31386
28384
4751
24435
25763
5740
28210
19438
15933
21687
22854
787
28912
28792
13750
31978
31539
31385
27601
28506
11999
25313
15449
10222
13284
16335
30934
13017
9019
19913
5680
29495
19996
26998
19837
4245
1392
2408
16152
23988
30089
31486
19443
7306
27153
26248
6446
17290
3648
24237
29160
10277
32082
32522
31573
12945
14137
24092
28432
32457
19855
22112
20403
3797
23758
27320
19366
29259
9667
18961
16948
1814
23360
13891
7908
14198
30738
21048
32518
22856
12594
6993
21900
4744
22592
4613
283
26388
16940
21964
2146
21426
1591
14395
28843
6741
10522
2928
25263
9116
2180
12208
4527
6556
6858
9295
6336
8159
22234
8144
16999
19628
22642
29518
28261
18313
5263
15643
2516
12543
12839
11942
19827
14237
23322
27042
13887
32320
6503
14436
27715
14225
5275
9613
2992
6862
17296
14058
1072
5582
26195
20376
632
24639
23654
32108
6172
21555
11048
13713
5544
12251
18577
17523
19180
9361
32290
29916
8599
22300
30748
12893
17928
13616
21745
10992
21088
17461
18680
13275
12252
19785
10852
30168
8802
2696
31095
9330
12889
14731
14579
17586
26814
14126
10962
18171
4468
2199
17718
30771
30684
30068
29603
3619
20902
6019
30828
21281
19431
856
619
13548
28267
28251
19189
15063
18764
30224
20493
10026
8387
27803
32472
18373
2879
20099
25170
14854
13748
17846
10814
9709
16950
24013
7779
13438
29894
19858
20981
17767
8812
31167
11090
10211
5766
5385
5103
23262
25183
349
25745
6234
19203
22122
25024
12305
18770
12639
23672
30044
20564
12790
19235
17491
19916
18609
28356
25142
6416
14947
22645
15628
17431
31987
25363
20105
724
20829
30008
9781
7362
16121
8041
24267
7361
21504
27281
735
13088
20300
27310
9412
32251
5983
27083
11693
11207
8871
16174
10258
11307
13569
9938
2390
25361
5755
11544
16038
4606
10078
697
292
27550
30060
19711
13637
1444
13926
17973
22903
7377
19409
16988
18440
24401
13306
27679
20547
12622
3128
19977
27356
8128
2161
31734
3470
30082
991
28871
25090
9899
3860
29786
25587
1563
7996
7610
10896
31060
17059
17810
24865
7820
32375
31976
13038
6400
14798
23559
11868
30602
23018
15805
25434
26998
29628
15047
16635
13714
13992
31114
30308
10116
29832
9732
23273
26464
27379
9729
8563
28538
12735
23954
23333
5241
29380
6075
3391
21421
20195
26476
24130
23459
5192
5298
7765
758
10731
27183
12007
8551
21597
30408
3478
32560
14273
6045
1615
20118
15128
24126
20663
25534
12483
10012
7370
7873
26690
29757
21186
15362
3394
24628
2619
32448
30679
15697
31892
27111
20998
13589
30360
31532
13958
31720
3422
7256
11463
27918
6765
16100
9780
8920
17188
21959
24758
24343
3930
8588
21113
22486
21313
679
754
15433
28816
17929
29985
1536
13025
8178
1811
27232
19287
18695
27308
84
12165
29092
7075
28224
24459
32627
30414
13367
22402
18750
22176
26221
12315
17665
22768
27631
12930
23620
12795
5521
25481
23207
12461
8488
18946
10943
22556
31994
29804
21792
12886
24435
467
30139
16476
1818
12785
7019
11118
14019
16537
17866
7049
16901
4182
30025
22319
15854
26703
384
4198
10742
18797
10690
771
9522
7872
5109
18472
970
19743
11680
780
22701
26127
9030
19194
18307
487
25075
30365
13028
1329
22292
11386
6855
21842
25227
23742
16189
16494
12035
2106
23391
7302
25729
30892
3204
25059
26940
20032
14776
17592
9391
1622
3946
4611
30956
24454
25445
21428
26163
16097
5378
17
3267
31354
15771
14425
240
11558
17730
23207
9590
30591
12211
27418
13
21039
13704
6195
15422
21867
32172
24190
20596
6589
2834
3957
31062
5639
12967
16289
32596
7877
11653
24578
31360
27282
7017
1713
2208
16366
2407
10948
10625
12350
20700
22386
13710
1044
25253
6776
8864
15537
21134
12730
2840
20168
14093
15406
11052
31365
12593
29174
18558
25806
12501
10188
14323
21961
18713
8611
30146
16542
10515
30859
971
30846
3265
6102
555
14052
14914
5497
13837
22298
24390
27061
29378
27392
25284
18934
6421
3337
32491
11003
8408
4998
14170
11831
24771
2343
32659
32375
2175
3774
9645
24518
253
2631
21834
30349
9996
18214
18121
2559
5163
27567
28349
17844
27035
26603
16797
16020
20921
16793
24509
16119
11147
24948
15740
7691
5273
17844
7103
9845
17662
15831
25759
20539
29118
5025
16479
20961
10586
17762
30369
19666
24226
13687
28633
6402
5579
29459
27393
29650
26561
64
15247
5684
20414
14624
9124
30223
30492
16505
7814
14053
29544
5488
12112
3507
10935
13973
2024
7192
21053
30240
7218
1722
15131
25466
30083
19174
24953
28160
23129
6006
29141
9475
7753
11512
14490
14611
11832
2316
12277
8829
11470
24846
8164
4370
13096
12277
1168
2346
2509
23419
11996
20969
28132
13439
21310
6337
13988
22183
31438
28216
28427
11081
2716
32748
14291
5004
21831
13268
1442
32202
27339
2248
3969
27193
6811
24644
399
8907
23536
5481
18422
10834
4192
1348
1567
9960
21682
27731
3618
19342
21489
15685
27777
1299
20671
21762
23573
28216
22764
12267
13896
20241
22343
1123
13189
11182
30644
26254
4077
9723
4479
22872
26700
14053
3056
28858
25419
702
28960
26937
31463
19683
8970
22703
31265
20124
26341
23629
759
30019
15026
26593
12436
19369
10513
6741
10692
4789
3928
15224
14250
19790
2534
18178
13493
17275
31413
10450
26576
16585
24111
3705
8153
4590
25155
29180
9045
1451
29623
16854
18530
29943
13760
19005
18668
5721
6096
17318
10020
8342
32175
10891
13870
140
11725
17516
6938
9822
31191
30228
23062
11729
21896
20253
17378
26102
20418
28342
22404
31754
8669
9636
27708
19866
18751
31111
14266
9706
24364
27999
1167
27288
8928
13134
11490
31613
27099
11168
11620
18900
27261
21768
25734
27294
5330
4652
20969
10309
28079
26724
27157
22399
8190
7103
21103
29557
14422
19528
6501
17701
16079
30855
16108
6660
8980
2378
8492
19944
11961
19109
8569
11302
29135
30263
5510
27639
23990
12975
22741
19489
563
11407
4722
4563
8386
11312
737
28368
2606
19718
28245
4815
31326
14886
30499
27682
26226
5125
31861
23447
28943
25475
20803
24476
30966
15912
24447
31398
30172
32685
2960
22739
6006
15550
27650
30926
23251
21246
10620
23539
2542
14924
6898
435
22916
31557
29211
12858
6435
28425
3110
23632
10628
11330
15017
2685
11546
17763
6362
13169
9963
15406
16641
27042
31647
20089
30253
11831
2262
49
5670
27429
18111
1695
26532
22680
10215
30954
6334
20884
11086
27102
421
23516
21696
20203
32658
26387
32610
22641
31741
1825
16012
7995
29712
11736
16598
19273
5211
10200
26998
6098
15561
24751
5065
22665
211
12869
13615
25632
30707
17272
20764
2058
29276
14851
29548
27014
26088
17316
9463
30681
10066
14974
3686
21466
17317
26812
15685
20660
3572
12151
16217
29160
13644
5337
2099
2705
30439
32131
21765
25068
16546
5421
693
279
22449
10892
2608
3609
22418
633
5889
22563
7487
26191
27682
30998
29352
29077
2833
12356
3680
25309
20775
23163
15255
29675
32550
11072
15944
32026
24337
2904
18355
26620
31808
16525
3854
13633
8627
17070
25208
6618
4775
25048
17454
30558
12647
8692
26625
13228
2149
28545
9480
13266
27017
4500
12178
32301
6089
32028
12126
18386
12026
28011
1551
28973
15845
26098
23002
13800
18078
332
14466
5134
6417
12671
26246
11889
15326
21886
11929
11849
22375
18418
17746
26653
22310
19257
5413
18407
13637
30383
1682
18547
9320
2349
6300
31240
3022
17616
23933
23626
2456
14332
12184
3935
28520
6048
12975
8273
27950
3771
30038
29875
24127
10015
18087
6536
27816
12149
5176
31072
32449
17025
25674
15812
8965
21415
16451
24532
28192
25774
9055
11311
32586
18629
16802
15891
7892
6339
15121
13766
11008
15539
3873
11828
18198
11920
25712
13785
180
23117
30899
20193
24422
16152
19695
14990
4726
13792
25069
5083
12550
277
6376
32095
16475
2479
3208
26227
29820
28017
30228
11159
24316
17007
29411
5650
20
13262
15891
32473
28149
23499
12926
6322
1627
32510
10474
9625
24166
3296
1664
7011
25766
2444
3968
31649
26996
17602
21042
25287
393
561
15904
4750
30409
30454
15234
31638
15200
16480
22266
2640
4880
14326
21889
15131
26313
18619
17569
14765
30331
10672
23270
4021
23848
8603
15503
9918
6973
14343
30856
8535
6946
30604
20893
20337
25616
9552
10216
16904
28451
4558
5771
16902
21168
26326
6565
11876
14296
5845
20606
1426
20061
20823
12293
7705
12981
8394
14717
21119
31325
5509
2419
9322
23152
8713
21235
6921
7288
3206
6907
24752
21892
6561
18480
25538
4987
21620
23248
32468
29871
6102
24808
27663
23989
15581
31431
2006
16757
4770
946
9897
12157
836
13017
586
7323
2608
18570
542
6570
24479
7077
25301
27820
32096
6992
334
16409
24791
6379
19636
23671
11846
28231
9198
8235
6475
21522
8758
10639
13994
31894
7943
26436
6989
18084
25917
714
27785
7370
25976
22861
17827
21708
26561
30402
5779
9042
112
18227
24583
30687
19532
29271
28843
21762
14325
5478
1960
30928
22143
20267
106
27025
2912
21083
27559
15034
2956
29221
14749
7708
31198
23818
22939
5466
8890
31215
29378
22432
6897
7025
6669
16274
17892
32120
10639
21891
1773
16655
7420
18920
8698
23155
5995
29708
3963
9577
30298
10501
18303
5077
5619
32486
18457
10889
10894
20534
23305
16475
21366
5025
24216
13178
19184
23534
5572
2306
22393
5169
17309
10957
25168
19522
5615
14221
22324
10605
8993
6423
12655
20331
32605
21762
23059
21905
11506
19313
15236
7240
27638
22573
11830
5821
11567
2551
8888
23770
11316
25628
11506
6516
29903
24137
21675
10438
22438
5793
20302
31518
4634
27149
1773
4054
11632
26323
4742
7302
22830
19819
901
13432
17608
5006
11403
1116
15484
7567
17774
30269
3451
8686
4225
20916
30025
27435
25877
11356
8294
27608
17215
16005
31790
22770
21724
28717
24574
15985
32723
12844
20888
16926
28058
30638
26825
2213
11260
25574
5705
28907
19225
1
20962
6561
7342
3417
29652
25882
30870
18412
15737
28505
10897
11532
21797
10863
27973
6744
14672
5380
5762
22762
28407
16179
22730
26834
28479
4507
15889
8387
6236
2738
16321
30221
9649
26205
8193
203
29496
25534
26679
4190
4133
7501
12491
25626
25798
10027
5679
23614
28590
26547
32540
14122
24082
24145
6174
11980
883
19607
10322
2652
29821
30093
9070
30793
18736
26441
7427
17523
19005
704
255
16026
3507
13788
13686
25878
18138
7119
2466
10185
19807
30630
5672
22355
8114
15649
29340
5252
25773
7106
25672
21527
12406
16420
27177
19101
4262
16270
19003
21687
9131
25032
1015
12168
16235
15661
19481
5482
27433
22786
30118
4832
12461
18950
27694
10189
2207
32074
9038
2275
26165
9539
8058
5469
9742
32030
31737
21745
25693
22099
4657
4608
32329
9341
9765
25617
17044
31593
15420
15997
5499
13165
31812
22379
3038
10235
17846
31487
16801
17525
22844
7887
28498
21315
15216
18839
780
17188
13543
9005
16539
22209
4974
16567
11488
29320
4243
283
18551
31927
360
3511
23960
951
13187
21331
25915
7852
6985
1875
18304
15434
14189
3377
31565
21482
19891
20523
18745
11485
25850
25913
13737
12288
8313
2370
22072
30608
24649
20367
5725
4416
19235
5248
12104
9865
9580
2174
22284
32578
6510
26416
27395
4720
21737
12018
6510
6495
8138
27779
20061
22770
20538
28413
26575
5431
16346
30731
29977
25406
9805
15446
1420
19756
31992
18496
19026
31883
20485
7381
3993
24292
8366
6398
20724
30864
15544
760
27901
22987
12093
17925
15424
27146
11951
14434
3924
32143
11290
32120
22603
26938
26537
22614
845
2210
11884
607
17023
27236
9560
23104
20777
5819
17808
32550
29209
9297
28131
11309
11586
3925
11669
26651
4265
1742
11362
23886
30850
9263
21440
28147
8853
16683
7525
22649
4327
24522
11017
69
32663
22717
2925
11944
29190
17391
20636
24590
6970
20316
23408
29048
9605
30758
89
16940
7521
23013
26970
7594
927
2111
22868
483
19137
9914
13447
5542
17316
13005
29270
25435
15714
13373
23626
11251
23670
18343
15962
26143
27937
14168
27754
15808
13581
5733
16657
10143
2097
4601
31135
23903
9460
27881
4959
21936
7061
22926
3609
3269
17610
9683
14299
12551
2983
28045
26105
2059
3778
18187
16211
8129
23701
7662
31702
8175
20259
12347
15686
20446
19167
25007
25914
9300
25801
22867
3176
27073
13274
7504
32546
24253
20898
8451
25377
21170
20016
31060
27266
7382
6962
11076
14350
32605
12893
18630
22718
19180
31503
20432
30334
22096
13107
32689
10290
7792
24422
6309
759
8832
1623
14759
20651
20600
15220
20614
4015
5573
15555
20539
8171
26686
10253
8570
16659
23385
2882
391
17961
5535
21529
17227
8772
14941
25335
9895
12943
7069
17682
14856
27028
18516
22998
31292
16315
19165
26504
9348
3341
11174
25385
28394
12350
3114
28573
6868
9963
28191
22540
5594
31520
31472
2441
7381
10781
24429
20465
5432
26714
4034
23062
4260
26312
1957
18717
11958
32090
23252
20261
20772
24260
10687
8490
22024
14723
20097
16424
19579
27165
22037
23939
22374
8874
6599
24230
12949
11155
3304
17386
3597
8602
4806
30394
13216
21786
28892
17142
10942
11920
12613
32660
20110
15451
2423
10893
2621
19904
6445
31735
12183
16177
5541
13422
7124
23503
13580
10937
7860
30765
28215
23723
22478
10839
24723
1862
32292
17171
30815
2599
17916
27750
8984
6686
22763
4442
10293
1820
5171
29439
31253
6482
335
3760
4918
18839
15563
14743
13223
22794
16217
5492
4800
3065
15650
17049
22800
3074
3930
29497
30359
13688
23575
17379
10549
21513
28771
32074
18275
4765
143
9031
8993
8832
17099
29985
6447
24004
6132
17163
8320
26849
13997
15598
28140
6047
3249
7785
37
6454
19048
23575
10220
12211
19640
13840
24709
30365
22813
21426
3176
31961
24572
19617
27193
13771
14644
17164
22010
1470
3831
29490
10880
28038
27352
23589
22307
6499
6436
26062
32186
22313
22134
10290
11463
14238
31622
14323
2542
24356
6978
7194
172
18840
18208
20755
18757
1401
28082
31993
23550
10829
1915
14613
9357
3648
1537
5281
2510
32527
14627
13521
7607
548
7853
13844
2446
24579
20522
12951
2649
32484
761
4618
4503
20641
20131
1704
24109
22483
11628
23409
8611
2104
27432
30650
1424
1625
30288
15336
9555
2665
18261
7033
20484
27247
21044
6212
9899
4008
13899
769
27311
23334
8299
9483
4241
15806
4910
14181
27353
1825
2443
19195
337
12361
10151
1579
26738
9495
28142
23428
11548
20794
8803
7630
10378
29778
25652
5450
20612
341
7570
31291
22486
3378
18367
30884
13058
4277
13673
8532
21810
427
22326
27680
14704
1862
11936
12144
3097
19907
25347
12541
2191
15689
11508
13272
24367
6165
3029
10159
14211
17364
31142
23884
8888
16976
4382
25694
4690
7503
23035
30332
10014
18872
12182
4967
27752
17912
30138
12943
21359
30628
4022
11737
790
3168
19889
18848
20444
25087
17470
32250
28686
14828
16945
25916
16444
15304
22704
29632
11241
2900
10637
23781
3718
30098
28627
18776
8354
31015
30366
17042
17755
11780
29232
30626
19480
20549
28482
16173
31354
29273
19608
31411
29327
6756
29400
16147
18761
20193
16028
26194
24879
22156
20678
28312
23891
12159
14612
19067
16516
411
12020
1664
3268
4137
19609
26591
30461
28353
78
26759
751
32107
10250
13410
7021
28677
2885
3034
31433
25829
9995
12188
30605
20159
79
14748
2411
13768
28801
1881
6775
5147
8291
6498
30868
20828
9496
3097
31532
8604
29565
3511
12581
19325
7613
30096
11024
6551
3872
24729
13731
31514
14884
30503
6249
6068
27855
16377
11448
23221
16195
9337
24804
14705
20627
2623
31666
14565
17877
9687
13327
30366
16249
27332
28930
14551
14553
15556
17888
18914
1552
18006
32447
8905
25616
6266
20780
10548
20207
30648
1313
1165
4738
31331
10801
20067
18733
23583
11526
8716
15609
10913
24845
20367
24295
12214
21104
13761
18565
15495
29765
1965
31678
14875
32517
313
21750
8989
4927
20231
25431
19168
29837
11674
7013
5536
28872
954
6105
1547
18296
31769
23724
17407
9614
25142
20594
150
2390
18050
24553
23392
8871
11714
32722
11503
861
20404
255
23193
13320
10485
27310
6009
230
25634
20245
14007
4879
24125
20030
29449
10736
19027
15125
20346
2298
14428
5824
30059
28059
867
22062
13271
8558
27367
9715
987
31919
23424
8275
13941
27889
10950
10652
12172
21523
19054
26298
21040
21360
14006
517
548
22358
9220
12893
24217
30394
12233
14457
6717
31529
6316
18044
5236
9474
16869
1481
6117
32739
1510
12057
25145
23393
7233
26827
22815
15356
5830
24443
4244
22609
14827
19669
1633
30354
13426
24747
14053
15924
31301
16454
28436
20967
18085
4090
32704
17867
2435
15101
13848
17889
17454
28026
15726
192
6447
29920
20029
10889
4977
31360
20074
11292
26790
19543
18122
21132
15077
10280
20965
4817
7576
15567
26617
13757
24981
21969
11330
50
27787
25911
8057
11153
8096
24477
23451
17013
4440
7814
15595
13730
7865
15602
7226
15672
6061
8755
32358
23085
2727
12028
23841
3065
29577
16571
27891
3731
20934
32552
1154
13469
27075
10270
2322
12763
13700
19883
1096
27114
18564
14947
18227
5935
10980
28665
16013
24077
28616
29712
23613
8283
2815
24398
14881
9493
10722
25266
23051
26705
4990
14120
9993
10101
21493
11099
7146
32168
14113
17355
13053
9350
22139
8479
796
11544
15931
8380
11753
17667
28097
27542
856
23551
14132
26438
32366
15755
17001
15710
32584
29408
14086
27897
26206
291
20967
6806
29961
22494
27072
4646
5955
945
9988
12131
31406
31045
29446
8292
5849
3202
25183
13934
2750
26626
7823
14606
29583
6341
4839
28516
8370
550
24742
21442
18698
19981
24162
9590
9592
11623
9897
19683
5281
31955
31209
17879
11250
8606
30605
1048
23010
13042
29289
1600
32119
17226
25688
2763
5900
24105
17699
7023
30289
3596
18597
25260
2451
32413
18477
32675
12862
3881
23332
19499
17056
26964
25328
18722
2287
28684
3607
9473
2958
6843
5800
4275
23180
4289
16343
22184
6766
6433
22247
26661
11310
12922
15181
21726
5763
26426
12818
24774
5219
12814
2169
11302
27846
1693
18914
8684
30638
21109
3310
8262
29796
2629
7140
3952
5380
5966
31827
23243
25403
14612
6649
46
25168
12121
6372
10624
4705
16459
4823
1159
14576
28413
17391
19707
4766
30228
27270
15583
21045
23235
24152
22289
4332
11257
8932
16415
5095
16856
30998
6492
2814
4458
13346
4659
11455
26767
21939
9148
21430
9786
13637
10893
236
17117
14031
21203
26541
15650
21670
2721
26254
16092
158
28295
4527
3645
8306
25703
12862
8009
10598
22660
24380
22922
7978
20700
4996
26118
31234
19128
25865
6510
14372
5761
16735
20120
7777
9685
21373
17711
27656
32730
30401
22698
1544
20434
23348
9082
23892
16880
16144
25224
5260
8810
24959
11486
10457
29392
4774
21412
8729
27036
1250
32335
3644
4106
17233
22293
19437
29226
29077
23460
26741
5427
14548
9747
5341
10266
1539
16921
30291
8803
32101
25213
21968
17720
18254
2765
29431
12984
6701
339
32319
3985
9673
7493
32340
25297
17355
17724
9403
10233
4477
12775
21941
18259
22225
18689
26471
26758
24229
9344
23607
21352
9285
6672
7289
21267
31282
22207
29515
20283
3618
25338
21181
4031
28231
8888
9014
24189
29652
9717
8723
31595
14014
23906
5008
5860
28351
1883
19436
17983
26017
26905
21448
9894
24249
10281
11217
8741
6066
22556
29598
2818
18060
4225
30683
333
14563
7952
27560
22199
30837
10792
20796
25768
6367
22396
21966
2187
4775
19209
9397
14957
20351
4683
30158
29126
19400
20400
23326
19606
29014
14925
4536
11444
3955
17871
23009
16227
5158
1717
6771
8999
27317
9917
21375
8151
9064
32156
9270
9458
18576
8690
26634
566
1224
1661
12048
3695
32379
30605
5545
12430
3238
3256
16225
32506
10463
25294
30999
26923
17047
12816
18015
8052
22428
5276
24100
11552
30177
4396
23186
30913
2690
15872
8242
7877
8707
4121
16471
23114
32217
10920
23226
28724
9003
17094
16993
20604
18137
27493
27077
25034
15038
23943
23091
11079
16434
4270
14963
20652
25555
14227
10408
5280
18054
29978
27511
21824
30648
23942
15979
14079
17642
6121
15768
29104
8812
13279
13439
29665
4456
1916
21554
20587
10019
10627
5305
10823
6528
23513
17843
4771
29894
31289
4672
3381
24226
16680
31775
11984
2672
300
4628
2613
17078
4665
25997
24363
11249
7020
900
16338
9365
764
29863
8244
26191
6765
2231
1053
19597
23302
28974
16173
25664
18054
28452
31531
10464
16403
6259
30876
4785
29043
30746
15764
23110
4222
3551
9933
5443
6355
28985
3830
4199
19915
7020
77
2761
6315
7414
9328
13921
5918
16938
26224
8651
28130
27419
31528
28488
13249
6843
17357
32006
2243
324
16070
25249
11682
1495
31421
26601
12158
4963
16374
22758
31698
11465
25567
23321
28839
3134
31465
10245
15623
20976
23703
20718
9653
1516
11732
28641
539
28991
25994
27124
1412
4699
32624
9935
10379
12477
20772
24939
18131
21453
13689
30234
17657
8454
530
20936
21191
25942
31536
26240
7595
19912
14792
18738
1895
4960
14297
23731
13577
7750
30460
11781
2590
25640
30013
26073
25635
1497
25641
29522
10812
28734
22056
21516
1321
1130
22029
7517
21365
2824
7404
10970
11760
30457
23083
5661
4192
15167
16860
23494
31348
14362
21834
20928
7417
880
6610
21190
26448
4210
12789
17189
2336
31357
3243
21187
15432
30526
7929
8288
27416
13338
23493
8732
1728
8909
24042
30521
8712
31057
30856
1827
9282
26881
8605
4525
10365
20734
27354
5278
23804
28626
31919
10860
30439
22611
18345
17991
3647
11722
24573
29017
30231
27477
14181
27981
25858
14986
10538
24590
456
7517
3202
27857
10333
28484
16669
24149
31507
409
27131
18025
5134
22335
19072
14000
27384
17288
31178
30369
17143
28758
24642
23249
13532
3969
13169
8565
10654
15225
25622
30754
22790
19245
12917
3800
8363
7467
23793
23615
18209
7688
7389
30512
32622
3586
26000
10615
16573
18916
6583
8152
18007
6954
10992
23376
19406
21350
22420
18332
22907
14050
31443
6912
13611
31367
8967
25409
19222
22781
25154
25587
8977
788
3369
10747
13828
28515
23558
30796
14237
19759
8728
29172
10310
7822
3886
9564
17237
15819
12148
23755
7555
21005
7564
22573
1952
30516
6880
21523
2437
7428
567
506
2377
24965
18567
21968
29368
27305
10
19636
29440
816
4500
4350
7342
32457
8228
8063
2009
10618
19129
21002
17053
17985
16487
29490
9676
24828
23209
16214
25055
30598
12793
30427
22579
15907
24734
26041
5234
798
26566
1081
31310
30128
27348
5373
31606
21540
13563
25664
27074
17721
15628
3167
14769
24776
7052
25496
18710
11174
9994
30482
32270
2764
10927
14110
21045
29109
27415
14525
7706
20488
27999
12386
14576
631
13440
2553
16518
19175
26843
16935
7545
5073
7701
25812
6056
744
11044
21735
3816
7932
18602
16720
11257
3358
27010
27468
7609
10501
409
8676
13976
31920
12032
5815
32332
23373
31039
28666
3014
9050
6891
15293
15204
27658
2427
10352
5480
8682
12119
9893
30889
22212
3122
22552
23944
18627
12186
28652
17702
25817
16845
26679
10452
18526
3791
12481
32203
1530
18361
15113
8478
12740
28244
1929
16364
30891
7910
6203
4058
18198
11340
27740
27584
17095
16969
26992
10403
7173
542
21894
14052
31226
19803
18109
25526
1626
13044
11271
20181
23621
12951
21293
26742
24175
19005
4116
2937
14462
512
26942
2022
4019
27180
28051
12695
9933
16280
5986
18226
31018
10807
24739
17755
4400
18922
27775
31271
7659
1432
27154
27859
3063
20609
5231
28086
9633
22991
29668
25204
32329
23150
17536
8821
11531
29982
9683
30613
6814
23751
30709
5917
26235
13580
2506
9971
10050
24866
31875
8973
2650
13539
104
14123
5848
15390
20181
24774
6051
3122
1411
27971
28885
21467
18185
10349
25700
7499
17571
20258
2561
30333
5425
6732
32320
29638
32131
30228
3322
16557
3539
14674
23280
13052
14483
28999
21168
5143
18026
5518
22717
5261
19321
14416
2794
7661
482
1720
3847
30427
11659
11686
13503
28002
27935
30376
28353
31628
7254
12582
26398
6704
11127
15324
13042
13836
4123
17037
26951
31507
13107
1014
8502
27144
76
13314
6991
27724
31250
20028
6716
23029
30739
27785
11936
9759
29126
30231
31301
9607
31436
14993
11895
9046
21621
19861
18859
14394
14470
13927
22629
6075
16698
18407
15704
18381
4742
13504
17614
30369
10401
13283
1866
25281
28612
18740
24428
2396
2351
1666
30486
3806
24940
22717
12237
5572
31703
13667
27234
30639
5982
15420
29137
5303
4230
8519
3433
11521
9390
29428
32301
30868
31384
4243
27515
29032
5157
25869
747
960
3424
14802
20346
6330
19646
13842
3048
12069
2213
24112
29790
30354
17962
10100
23380
8366
13599
29696
1458
23759
3405
2821
4661
12748
20734
24886
28693
10770
6335
17789
10469
1524
19555
17901
442
26691
27979
24825
14223
12575
21989
22243
23272
31500
4723
12151
3766
28233
14094
18424
11899
24157
22250
32091
8110
26098
219
18099
21089
29926
25880
21485
13601
1184
2112
1213
8222
26272
10138
19416
31628
24922
12961
21092
9544
3909
32192
28588
22975
13359
4698
18713
9228
31955
16397
11870
6496
23725
21304
1522
25511
32269
5306
24003
24424
30827
30461
29737
20717
16634
5172
19736
29861
2431
25056
10139
28358
356
15769
26493
24118
11528
14091
18249
5804
18266
15167
26230
17939
24998
1308
2011
2351
13743
30509
5225
13186
24061
17060
13848
20081
26744
32671
7970
5027
30518
6827
20848
26282
25490
15238
31313
4581
6014
2346
13938
19108
4378
28422
21003
16526
17541
18319
22870
15424
20466
4087
3397
4407
13823
2364
4212
26352
4675
27237
24669
7501
31782
2057
28363
20539
3062
5392
28561
16018
13879
24765
11899
6205
28986
13805
389
30618
22769
16281
11083
2595
17665
5794
16833
11343
1305
23758
27940
31923
14210
2317
4912
10861
28152
18690
17044
706
5305
7102
29347
518
20443
2511
27468
27580
17122
7801
26956
11775
30354
1603
21154
5153
20738
30390
3907
3217
21490
17249
23056
1538
5470
17440
7685
10185
9812
28830
13235
27015
23554
21785
4848
19977
12051
17509
19661
17772
9532
27444
25032
31365
30993
10388
18499
3968
29726
20409
14133
3526
12083
14077
2336
3365
11519
14373
19267
22059
736
1510
19728
978
1018
31400
17376
26723
8839
17545
22246
14740
31597
4773
10081
18419
16406
10133
10518
17800
29308
30005
24318
24502
10115
9642
20540
12387
17292
13732
18769
19033
25927
993
15763
25835
29384
31219
23772
27355
31966
12866
12671
28795
27808
16212
23168
21779
12104
30796
13828
4995
21573
28337
4102
1577
20875
29041
10572
8709
25134
16678
10905
27931
13103
22935
22565
13337
21142
29826
6474
17210
5312
10649
10368
9834
25595
20426
32651
13483
11856
963
21491
27319
26016
30646
14261
22759
17907
28761
12856
10323
22028
4914
25986
31547
22081
27153
5036
11430
4489
16350
6291
13128
17623
14996
11217
11177
4262
22158
32492
19844
10453
9986
3020
20589
14006
32715
10099
951
8546
27755
11496
7573
12367
6224
21620
1407
15396
3158
2833
7640
25035
25998
24096
20685
27592
26942
20314
25728
26058
6696
9481
23142
3712
13071
2680
24045
7086
10872
5288
1635
1152
9134
32580
28691
17950
28936
13783
28849
22144
2926
32061
27384
14724
8986
20824
1425
27710
11676
19204
18743
6799
5409
8780
27161
21241
27892
8414
16511
11441
20293
6332
13489
5110
18474
13109
8725
12450
29155
11284
30103
6911
9826
19735
2893
21211
27147
15778
3931
11487
29624
31413
26133
10780
30208
2844
24420
28135
3513
17381
14699
17895
31163
12567
13930
30828
32743
30369
18914
19714
9064
15761
8442
839
4153
390
2593
11257
24551
21096
32757
6227
7065
24150
23395
21402
8013
22496
28944
23283
16996
3191
7672
1911
26977
16161
1878
24201
25838
7026
4547
15463
16928
21687
21409
3328
28667
17780
1722
1798
24121
8977
15653
7491
31047
6608
23914
6704
10129
25858
10725
6596
11263
14203
22384
21898
4543
2115
30524
30454
1350
6030
14336
25593
16017
16366
16982
14803
24753
26568
13409
27177
29318
9989
180
11863
21707
29961
13423
17671
22866
29417
26795
11779
24465
9688
25369
22599
6750
13795
10725
30299
25335
1247
3809
27871
15685
12703
30175
3943
29026
23402
23134
8074
24152
14763
22634
16950
27180
23531
15549
24390
13083
9725
24618
8023
26147
23672
21052
31703
24261
21867
5914
5470
29706
8523
31917
17474
5828
16432
19205
5990
9494
14145
21497
13650
5942
6765
9742
21385
26994
24157
26267
14358
26481
1702
5930
31081
15548
1090
18976
28769
28284
22593
2721
4266
8838
20156
31662
6985
22420
26123
29328
24437
29397
13879
4218
32169
18089
27826
8042
24823
30373
12358
13904
25247
23774
332
26738
19424
21604
27166
1039
10766
3340
5071
9282
10469
19571
4889
6698
26397
16447
406
29000
31038
17832
14131
4904
3766
19000
14307
20036
27945
10702
10640
17445
13832
11753
26199
715
10853
4643
32500
19791
24838
12796
16763
22471
8888
17369
6218
31338
24805
17741
21819
8181
31337
31894
15646
29517
17058
13163
26470
4197
32454
3829
17954
15458
19834
10523
27183
26877
11424
20226
22444
1833
4464
2260
32431
27894
18122
20161
11318
21174
1482
3908
1889
11102
31902
27304
28382
23599
14228
18378
19108
6037
8311
9760
9700
24399
2076
20730
9532
29136
28216
22536
11567
9957
31604
28957
19666
32665
25028
10034
16583
27990
5876
31406
8815
5196
7556
22245
5980
3350
20405
222
5381
27035
24804
25433
3262
307
2327
23568
5095
18444
3798
28222
23651
13771
9020
32350
4428
32630
17485
31541
27620
10385
6538
6162
5327
12167
32451
31829
9600
22860
12589
3118
24050
24641
21172
11943
25240
2648
14226
13541
5782
27256
12833
18090
26161
20771
20717
30751
5508
12374
17166
27857
26485
30384
22197
11257
12520
9687
17924
2560
11315
10264
17955
19266
8401
10573
3216
25619
13146
30468
16054
31231
29106
11229
32706
2646
28545
10804
4274
23017
1764
10752
13998
4622
4451
24059
23452
12010
11554
29700
7407
8943
25179
29889
15551
21411
15627
18056
10527
21411
12012
22400
3499
32232
19876
13059
9056
22090
16700
1607
12977
21314
30419
22590
31702
29940
27540
30906
31080
19821
9189
27349
12587
24105
8929
20112
1835
28376
30217
3514
18186
16737
10550
20500
22424
18216
14035
31410
19620
15245
18504
16036
19218
18357
23225
31446
29486
5004
7153
30005
17728
26634
5017
12051
13409
18102
27822
22733
23436
6761
29490
10411
2296
25941
6689
6407
5029
4165
7590
20914
12085
16166
5519
16531
12798
20167
3071
9617
349
24541
27746
5556
6221
4938
24230
14726
23608
23455
25257
19136
13325
2015
16365
5410
5522
27526
7571
32419
31996
18377
22151
23242
701
23072
24056
3420
925
13314
18443
16439
3852
16367
19152
12414
4022
6068
19317
22262
25177
4075
19385
28592
20179
7361
19364
9449
6016
29692
29557
24878
4802
4156
6621
3268
737
31104
31338
14918
8214
30445
12358
1680
2274
3531
18721
12252
3236
29137
1132
10283
1131
19106
4808
9959
11785
29335
27070
32198
15721
4799
32688
13553
6178
16420
1039
12902
28491
32336
26575
28826
11154
19216
18968
2147
24456
6008
7487
4630
13375
21031
6132
8684
1047
26317
18109
25515
6101
22250
20899
6530
14837
20440
18986
564
5186
25099
5511
27257
2979
15768
18190
28065
3640
6132
32490
10618
1957
7934
8464
26996
28590
7488
30838
3331
9989
13170
6783
11589
5727
19264
7866
17893
17357
10062
32461
25919
21066
13432
12972
10180
8080
94
23823
672
29745
31008
7202
8603
31202
23142
21118
23613
27674
27556
31832
1590
14044
29596
25848
7933
30672
1316
20589
9398
5529
2345
28032
3673
24931
10740
9190
12561
30395
940
4794
5346
19876
15900
21290
31887
13031
29623
21360
9403
6826
2521
24068
32334
324
24144
8463
26650
20048
28187
18979
11199
28160
22897
2602
16843
5301
26886
5533
8486
24780
30857
29943
7598
20154
27249
14696
6686
13147
2297
27085
4404
12423
30825
15328
14867
22503
7832
28076
19430
28678
9135
21317
9414
4011
28719
27829
22494
871
19510
6201
26316
12650
1022
13486
10827
28570
13734
18502
11791
32743
11317
32639
1009
9944
27612
6230
21068
4202
21371
3511
8615
30491
30567
5945
11668
16706
6507
20744
15575
2209
25100
8226
17611
16445
16145
9927
23554
27758
2883
23850
16428
8498
25458
8813
29498
15046
19640
22988
13251
1144
4098
26649
21670
16823
28363
9576
14321
19820
5419
5899
28929
17293
27921
1473
20971
26862
14028
17450
26651
17755
2769
14718
11323
9189
10424
1151
26967
28025
14215
19116
7998
4535
23347
1976
25643
29184
17252
28986
2468
721
6009
17062
2211
5968
25548
1404
30964
2853
27703
10687
6110
16011
2007
681
8709
6311
27151
31645
1167
1048
31952
6493
10630
6607
12312
7037
25469
28193
25273
21016
15479
13338
18524
31681
11268
11029
28869
16316
30893
2697
21593
6255
18578
24614
2525
16915
9554
5153
2432
431
30507
1996
8476
22599
15203
617
32185
30288
31206
24640
28243
872
15920
14319
17373
3652
5997
27138
29317
14570
25567
20163
22586
29984
27521
30291
19563
25892
3562
12026
23826
13469
1907
17852
23794
32210
4508
13613
10012
3866
25260
13958
15288
9363
20632
26871
6658
27159
6950
831
31635
22892
8530
17275
21730
18619
1521
4411
16138
15684
1940
1499
11982
22095
4015
20241
7386
25702
15611
8130
843
193
27928
8986
21618
14594
2423
9691
20181
8995
7031
27125
21111
28076
27598
22616
7002
16425
12587
1286
1345
32731
4634
14700
15546
19630
32295
30962
348
19051
8774
13265
23886
2607
31858
7204
30217
10268
21141
20803
23134
29006
4264
21836
29114
9744
21019
258
28841
11344
6775
27099
30361
18001
322
28244
14561
8608
21795
23688
24321
21065
31302
26369
29739
3658
2050
23502
4611
15688
27065
20949
10404
12417
1792
16491
2019
5890
14080
13602
3543
538
796
7138
7833
3598
31957
19772
18760
782
10986
22266
15952
616
20931
13051
31468
5116
6927
24638
19946
10224
24749
4668
6575
24741
7880
27259
30586
14569
20807
28768
8173
23150
16484
15173
15561
14458
154
715
2041
17121
10693
2417
23506
17713
2437
5478
6297
17964
21731
27548
837
31611
7479
286
391
9632
3145
22179
22280
26669
11190
12899
18418
29235
15253
11305
17585
2814
23643
16298
763
22271
4092
22805
10253
26890
22099
4075
26680
29634
26820
1041
16285
12113
22816
4388
10293
18268
6088
19468
28948
25909
9494
32468
6894
10835
29176
5816
24026
12032
13278
14464
15446
22866
12247
28429
18315
8284
16630
10290
30931
4005
7675
29637
17529
7898
8751
14581
18880
12735
7568
21981
17446
21611
28718
23898
8681
1973
29909
26394
25547
12778
32492
9718
10770
1985
28573
14466
4820
400
9783
26594
19825
12479
20432
18655
1889
2429
23086
29498
5680
29875
3560
17215
710
15926
5064
22942
23020
13121
26996
19831
26124
1314
2381
17588
13880
17459
18840
26267
5742
1804
14044
23715
23835
4599
28042
21895
12765
4773
14051
16026
12685
17439
27927
10074
4989
3838
27306
839
13310
31199
2332
15862
10278
32274
29385
21857
16080
5266
19470
28289
4835
3898
30637
6175
4824
4661
31347
12263
8566
16823
16920
7614
13280
30698
21350
22869
4306
5932
9117
28158
5416
19575
8471
28863
8608
22048
12072
7333
5600
8901
6472
2395
31931
23681
16756
12283
19888
13409
3537
12836
26547
540
22931
5965
10545
3070
27933
29785
18766
2854
16745
12651
22129
16369
4779
25083
32258
10934
1585
25386
370
15540
26510
13394
31868
5448
16631
15842
24747
8036
21229
31337
18973
9020
12061
13808
4486
8258
31364
22413
16247
853
6870
26933
17633
3381
21281
20946
7381
32059
5037
30101
15245
21575
296
12430
28336
17401
30463
24442
4818
7716
2319
27356
16954
22655
18557
2127
24809
30878
20450
9754
10712
31777
23212
13573
8576
4396
27585
17515
4511
13079
18277
9361
29242
32614
17501
822
25566
22267
14420
13931
7980
8074
895
10661
32149
14670
32637
8465
32609
31994
21889
18215
29430
22003
32690
14466
8535
19644
31186
495
9195
5553
25886
17604
18304
30713
9078
30067
8335
8374
11710
26718
13505
13950
10628
8429
23987
16655
483
5854
18678
14654
1959
26077
14683
21809
23729
6997
28013
25806
11934
5765
20286
21107
1187
11990
20839
7144
9403
5228
7498
22418
21509
7931
30362
6633
30311
32476
30750
20268
20856
1120
3505
23891
30365
29028
20366
8773
6258
2341
8906
8779
20331
21078
17186
31428
4539
16240
6647
27931
25204
12618
1687
5623
31728
2025
31678
9393
31089
13721
5725
9995
17412
2108
4505
15647
18091
7395
15383
18837
11706
12699
21111
29209
13698
18826
25374
1036
19501
22330
7993
4474
2793
24884
15614
23117
19017
21713
20277
21952
21991
31565
13816
28694
847
17693
3255
20619
12312
24450
14719
15243
27476
18527
379
25890
20011
21576
18107
18356
18370
23259
21300
21230
24674
32083
21768
1788
14294
15194
28680
20476
17172
18975
2167
13747
3360
25001
11025
13183
32558
29803
13900
19597
29703
1304
10462
12364
6829
3768
14719
802
27714
13052
7152
8029
14630
8910
5948
25196
4448
29997
20798
23119
3135
24632
29539
26444
13120
2184
3250
9700
5171
23235
21769
13573
16026
9070
13737
11393
12370
22787
15092
22463
30069
19524
21366
2225
32638
13006
35
5893
30638
16369
23007
24480
4271
16319
4164
22600
7032
26723
17823
2976
25456
21941
27707
4442
5590
25355
2275
22184
14432
22353
32418
19187
29474
5980
18381
17616
12722
21115
16451
13104
24458
23887
25844
28374
17325
11997
11424
16399
16270
13282
24033
27805
29997
27750
1644
25076
6275
1940
30612
20393
28704
29129
27664
17959
18707
2283
15101
11684
25098
27388
15399
10579
4538
4847
16772
15067
11393
14266
18945
14857
27978
8620
20865
29889
26034
27137
25123
2875
14697
22708
19140
23660
10458
21652
7878
5825
12046
6554
25359
16659
14029
10618
3156
20440
11015
10872
12951
6806
26227
10365
7662
17822
18038
27754
4231
29686
25926
23980
29161
21911
16207
8721
16252
26072
18390
28633
26188
28203
12508
17937
27146
8455
27205
32540
32084
24869
7225
29075
28469
2287
8395
4943
4592
17974
16600
21187
32505
24099
14386
6799
23621
28016
17662
13139
1731
30935
18011
30657
17963
25035
11845
3831
28150
4967
19128
8459
4013
31652
10776
14823
8807
9422
7888
20055
17294
825
9786
5984
29921
19248
14015
14292
31679
25390
14655
24611
17826
18001
12722
25716
30186
27403
23312
30964
220
539
14959
2158
30698
8635
28011
22813
27444
12571
14283
29630
1104
10255
5218
232
15942
30468
19762
4256
24287
11065
24280
41
5408
9004
11044
29209
24849
26450
16135
3250
10435
31498
12210
29294
7824
14804
21244
10460
23717
5310
22276
25003
22974
17440
32024
23044
6961
16777
31702
17438
18478
7673
19601
28428
581
2129
26615
8409
10024
6151
13808
22230
24499
12318
13513
24627
8233
3670
7057
1741
32193
23200
31683
14919
32097
19156
9766
29020
16297
11942
22258
13683
11827
30679
27956
3188
3609
4776
12659
13531
7096
8852
28564
26635
5044
30526
26619
5860
19773
19881
23539
21655
18832
12711
14672
25529
23744
5012
10579
6551
21430
26179
1741
3018
15222
22841
32647
15371
11685
793
25826
13896
17992
4192
28603
21751
9935
19026
31633
8106
10834
2613
31978
30691
12058
27836
14066
2090
6499
22982
29798
10590
29536
13385
18352
12873
20096
18056
5716
25974
18928
16013
29578
28999
25185
20179
3628
13890
28427
18243
13779
18348
28658
14945
15166
23129
4456
712
12275
5570
2259
15572
18728
31576
11952
2206
27107
22552
31192
10285
6241
29792
16386
19946
25269
30209
24458
12117
30385
10389
13937
12279
28937
8211
2724
14487
10166
27040
18305
3761
29593
16040
13463
16420
15713
28206
2477
30507
20910
28768
1030
19086
16502
22639
24804
24090
19369
6301
24907
26446
10512
19608
15111
27223
7035
32262
6897
17215
10011
5985
7277
20321
25901
30981
23095
19232
15064
25735
31840
14296
30553
12873
26515
24085
7517
1355
29085
16387
23470
28996
16172
4134
30994
18162
11991
75
14193
31406
30047
31935
29237
22851
20277
10174
31734
32512
27452
10542
32599
17676
29391
9870
26411
6394
21254
30505
4573
29341
11061
26767
21518
23582
1206
10053
3711
16459
14313
8124
23346
29490
8824
27520
5580
10479
4832
7858
17214
20162
3373
2488
7332
31333
19716
17203
16749
25500
10471
3633
21693
7181
15029
28837
2575
31058
29040
3604
25887
25933
28739
6800
12551
2235
24260
31210
29352
1036
3702
24356
23115
10867
6546
37
30856
29497
24327
12720
14952
5462
32703
32663
28870
322
16676
5420
26363
11529
30947
2553
19642
26270
26095
26289
30520
8305
6858
30310
15760
27715
23808
14331
29799
6201
7668
989
19659
8752
28894
14830
6753
30033
8725
3010
17600
9701
21386
14094
26648
8042
17045
17501
26903
30950
6901
7685
13
25467
31506
4954
32590
26428
3460
7201
22744
25151
23513
28744
10037
32243
16019
18388
15779
3764
3697
22298
883
4509
31472
23346
7855
15518
10768
19113
12799
21710
1371
32374
12749
