1
10
11
13
13
13
17
18
20
35
37
37
41
41
46
49
50
52
54
64
67
69
75
75
76
77
78
79
79
79
80
83
84
89
92
94
104
106
112
127
133
140
143
144
146
148
150
154
155
157
158
159
161
165
172
172
180
180
183
190
192
193
193
194
202
203
211
212
212
219
220
222
228
230
232
236
240
247
248
253
255
255
258
264
267
277
279
281
283
283
285
286
291
292
296
298
300
301
307
309
313
316
322
322
324
324
325
332
332
333
333
334
335
337
337
339
341
348
349
349
356
360
370
379
380
384
385
389
390
391
391
393
398
399
400
400
406
409
409
411
415
415
416
421
422
425
427
431
431
434
435
442
443
456
467
470
477
482
483
483
483
487
495
496
504
506
510
512
514
517
518
525
530
531
537
538
539
539
540
540
542
542
548
548
550
550
555
555
561
563
563
564
566
567
570
581
582
586
597
607
616
616
617
619
631
632
633
646
649
672
673
678
679
681
693
697
698
701
702
704
706
710
712
714
714
715
715
717
718
721
724
729
735
736
737
737
744
744
747
751
754
758
759
759
759
760
761
761
763
764
766
769
771
771
780
780
782
787
788
790
793
795
796
796
797
798
800
802
816
816
817
817
822
825
828
831
833
836
837
839
839
843
845
847
853
856
856
860
861
861
865
867
870
871
872
875
877
880
881
883
883
895
900
901
925
927
940
944
945
946
951
951
954
960
963
970
971
971
978
980
987
989
991
993
1009
1010
1014
1015
1015
1018
1022
1026
1030
1032
1036
1036
1039
1039
1041
1041
1044
1047
1048
1048
1053
1062
1072
1076
1078
1079
1080
1081
1087
1090
1096
1104
1116
1117
1119
1120
1121
1123
1130
1131
1132
1143
1144
1146
1148
1149
1150
1151
1152
1154
1159
1165
1165
1167
1167
1168
1184
1187
1190
1202
1202
1204
1204
1206
1213
1219
1224
1236
1247
1248
1250
1261
1263
1266
1286
1288
1296
1299
1301
1304
1305
1307
1308
1312
1313
1314
1316
1316
1321
1327
1329
1331
1345
1348
1350
1352
1355
1356
1365
1371
1379
1380
1392
1397
1398
1398
1401
1402
1404
1407
1411
1412
1420
1420
1424
1425
1426
1426
1428
1432
1442
1444
1451
1458
1470
1470
1473
1479
1481
1482
1491
1495
1496
1497
1499
1500
1503
1510
1510
1512
1515
1516
1518
1521
1522
1523
1524
1525
1530
1531
1532
1536
1537
1538
1539
1539
1542
1544
1547
1551
1552
1558
1562
1563
1567
1577
1579
1585
1588
1590
1591
1592
1595
1597
1600
1603
1607
1615
1622
1623
1625
1626
1627
1633
1635
1644
1661
1664
1664
1666
1680
1682
1687
1693
1695
1702
1702
1704
1713
1714
1717
1720
1721
1722
1722
1728
1731
1741
1741
1742
1764
1764
1770
1772
1773
1773
1773
1788
1789
1792
1792
1798
1804
1811
1812
1814
1818
1820
1825
1825
1827
1832
1833
1835
1835
1841
1862
1862
1862
1863
1864
1866
1868
1875
1875
1878
1881
1883
1889
1889
1891
1894
1895
1907
1911
1915
1916
1922
1929
1940
1940
1950
1952
1953
1957
1957
1959
1960
1965
1970
1971
1973
1976
1978
1985
1993
1996
2006
2007
2009
2011
2015
2019
2022
2022
2024
2024
2025
2039
2041
2049
2050
2057
2058
2059
2075
2076
2088
2090
2097
2099
2104
2106
2108
2111
2112
2115
2116
2117
2121
2127
2129
2146
2147
2149
2158
2161
2163
2167
2169
2173
2174
2174
2175
2180
2184
2187
2191
2197
2199
2206
2207
2207
2208
2209
2210
2211
2213
2213
2218
2220
2225
2226
2231
2235
2243
2246
2248
2252
2254
2259
2260
2262
2274
2275
2275
2281
2283
2287
2287
2296
2297
2298
2306
2316
2317
2319
2319
2322
2327
2332
2335
2336
2336
2337
2341
2343
2345
2346
2346
2349
2351
2351
2355
2357
2357
2361
2364
2370
2377
2378
2381
2390
2390
2391
2395
2396
2398
2401
2407
2408
2411
2413
2417
2419
2423
2423
2423
2426
2427
2429
2431
2432
2432
2435
2436
2436
2437
2437
2441
2443
2444
2446
2449
2451
2456
2466
2468
2474
2477
2479
2488
2494
2506
2509
2509
2510
2511
2513
2515
2515
2516
2518
2518
2521
2525
2525
2534
2542
2542
2542
2551
2553
2553
2554
2559
2559
2560
2561
2562
2575
2589
2590
2593
2595
2599
2601
2602
2606
2607
2607
2608
2608
2613
2613
2619
2621
2622
2623
2629
2629
2631
2635
2640
2646
2648
2649
2650
2652
2665
2665
2671
2672
2680
2685
2690
2694
2696
2697
2697
2705
2707
2716
2716
2721
2721
2724
2727
2738
2740
2741
2748
2750
2761
2763
2763
2764
2765
2769
2780
2792
2793
2794
2805
2806
2807
2814
2814
2815
2818
2821
2823
2824
2828
2833
2833
2834
2840
2844
2845
2848
2851
2853
2853
2854
2854
2856
2856
2866
2875
2876
2879
2882
2883
2885
2888
2893
2900
2904
2904
2909
2912
2922
2922
2925
2926
2928
2928
2932
2937
2937
2939
2956
2958
2960
2974
2976
2979
2979
2983
2992
2992
2996
3010
3014
3018
3020
3022
3025
3029
3034
3035
3036
3038
3040
3044
3046
3048
3048
3056
3062
3062
3063
3065
3065
3070
3071
3074
3078
3079
3095
3096
3097
3097
3100
3109
3110
3110
3114
3118
3122
3122
3128
3134
3135
3145
3147
3153
3156
3158
3161
3161
3166
3167
3168
3176
3176
3188
3191
3202
3202
3204
3206
3208
3216
3217
3232
3236
3236
3238
3243
3243
3249
3250
3250
3254
3255
3256
3256
3262
3263
3265
3267
3268
3268
3269
3274
3275
3296
3300
3301
3304
3306
3310
3315
3320
3322
3323
3328
3331
3337
3340
3341
3341
3350
3350
3352
3355
3358
3359
3360
3365
3369
3373
3377
3378
3381
3381
3391
3393
3394
3397
3405
3405
3417
3420
3421
3422
3422
3424
3433
3433
3436
3445
3450
3451
3459
3460
3467
3468
3470
3470
3473
3478
3479
3484
3488
3495
3496
3499
3501
3505
3505
3507
3507
3511
3511
3511
3513
3514
3526
3531
3537
3539
3543
3551
3560
3560
3562
3572
3586
3589
3595
3596
3597
3598
3604
3606
3606
3607
3607
3609
3609
3609
3609
3618
3618
3619
3626
3628
3631
3633
3639
3640
3644
3645
3646
3647
3648
3648
3652
3657
3658
3670
3673
3677
3680
3686
3695
3695
3697
3702
3705
3711
3712
3718
3719
3721
3723
3724
3726
3731
3747
3750
3759
3760
3761
3764
3766
3766
3768
3771
3773
3774
3778
3791
3797
3798
3800
3806
3809
3813
3816
3818
3820
3829
3830
3831
3831
3835
3838
3842
3847
3852
3854
3855
3860
3866
3872
3873
3877
3881
3882
3886
3898
3902
3907
3907
3908
3909
3911
3924
3925
3928
3930
3930
3930
3931
3935
3943
3946
3952
3955
3956
3957
3963
3964
3968
3968
3969
3969
3981
3985
3993
4002
4004
4005
4008
4009
4011
4013
4015
4015
4019
4020
4021
4022
4022
4024
4031
4034
4043
4054
4056
4058
4069
4075
4075
4077
4082
4083
4087
4090
4092
4096
4098
4101
4102
4102
4105
4106
4113
4116
4121
4123
4133
4134
4137
4142
4153
4154
4156
4158
4158
4162
4164
4165
4182
4190
4192
4192
4192
4195
4197
4198
4199
4202
4210
4211
4212
4218
4220
4222
4225
4225
4226
4230
4231
4241
4241
4242
4243
4243
4244
4244
4245
4256
4260
4262
4262
4264
4265
4266
4267
4270
4271
4274
4274
4275
4277
4284
4287
4289
4290
4290
4306
4315
4320
4323
4327
4332
4338
4349
4350
4364
4370
4378
4380
4382
4382
4388
4396
4396
4400
4404
4404
4407
4409
4411
4411
4416
4417
4417
4428
4440
4442
4442
4446
4448
4451
4456
4456
4458
4464
4468
4474
4477
4479
4480
4486
4487
4489
4500
4500
4500
4503
4505
4507
4508
4508
4509
4511
4519
4525
4527
4527
4528
4533
4535
4536
4538
4538
4539
4543
4543
4547
4555
4558
4563
4567
4573
4575
4581
4590
4592
4593
4596
4599
4601
4604
4606
4607
4608
4609
4611
4611
4613
4618
4622
4622
4628
4630
4634
4634
4634
4640
4643
4646
4652
4657
4659
4661
4661
4664
4665
4668
4672
4675
4683
4690
4698
4699
4702
4705
4717
4718
4720
4722
4723
4725
4726
4729
4732
4738
4740
4740
4742
4742
4744
4744
4749
4750
4751
4764
4765
4766
4770
4771
4773
4773
4774
4774
4775
4775
4776
4779
4785
4787
4788
4789
4794
4799
4799
4800
4800
4800
4800
4802
4806
4808
4812
4815
4815
4817
4818
4818
4820
4823
4824
4831
4832
4832
4835
4839
4843
4847
4848
4851
4852
4852
4856
4864
4874
4874
4879
4880
4889
4896
4904
4910
4912
4914
4917
4918
4927
4938
4943
4954
4959
4960
4960
4963
4967
4967
4969
4974
4977
4980
4982
4987
4989
4990
4994
4995
4995
4996
4998
5000
5001
5001
5004
5004
5006
5008
5012
5017
5025
5025
5027
5029
5036
5037
5039
5044
5049
5064
5065
5069
5071
5072
5073
5077
5081
5082
5083
5095
5095
5097
5103
5109
5110
5113
5116
5121
5125
5127
5131
5132
5134
5134
5135
5143
5147
5153
5153
5157
5158
5159
5163
5169
5171
5171
5171
5172
5176
5180
5182
5186
5192
5196
5203
5211
5218
5219
5225
5228
5231
5231
5234
5236
5241
5248
5252
5258
5260
5261
5263
5264
5266
5272
5273
5275
5276
5277
5278
5280
5281
5281
5288
5288
5292
5294
5298
5301
5301
5303
5305
5305
5306
5310
5312
5313
5315
5319
5326
5327
5330
5337
5337
5341
5346
5346
5357
5373
5378
5380
5380
5381
5385
5385
5392
5393
5408
5409
5410
5413
5416
5419
5419
5420
5421
5421
5425
5427
5431
5432
5442
5442
5443
5448
5450
5460
5462
5466
5469
5470
5470
5478
5478
5480
5481
5481
5482
5488
5492
5497
5499
5506
5508
5509
5510
5511
5516
5518
5519
5521
5522
5529
5529
5531
5533
5535
5536
5541
5542
5543
5544
5545
5553
5554
5556
5563
5563
5564
5570
5572
5572
5573
5578
5579
5580
5582
5590
5594
5600
5610
5615
5619
5622
5623
5627
5639
5645
5650
5661
5662
5662
5670
5672
5678
5679
5680
5680
5684
5684
5686
5698
5705
5716
5721
5725
5725
5727
5733
5738
5740
5742
5746
5746
5755
5756
5761
5762
5763
5765
5766
5771
5779
5780
5782
5793
5794
5800
5801
5804
5815
5816
5819
5821
5824
5825
5828
5830
5836
5838
5841
5845
5848
5849
5852
5853
5854
5858
5860
5860
5876
5877
5883
5889
5890
5891
5891
5893
5899
5899
5900
5903
5912
5914
5917
5918
5924
5930
5932
5933
5934
5935
5942
5945
5948
5954
5955
5955
5957
5962
5965
5966
5968
5976
5980
5980
5980
5982
5983
5984
5985
5986
5990
5995
5997
6002
6004
6006
6006
6008
6009
6009
6013
6014
6015
6016
6018
6019
6021
6027
6030
6037
6041
6041
6045
6045
6047
6048
6049
6051
6056
6057
6061
6061
6066
6066
6068
6068
6075
6075
6080
6088
6088
6089
6092
6093
6096
6098
6101
6102
6102
6105
6110
6117
6121
6127
6132
6132
6132
6133
6135
6136
6145
6151
6162
6165
6167
6169
6172
6174
6175
6178
6193
6195
6201
6201
6203
6205
6212
6218
6220
6221
6224
6225
6227
6229
6230
6234
6234
6236
6237
6241
6249
6249
6255
6258
6258
6259
6266
6273
6275
6279
6291
6297
6300
6301
6309
6311
6313
6315
6316
6320
6322
6330
6332
6334
6334
6335
6335
6336
6337
6339
6341
6355
6358
6360
6361
6362
6366
6367
6367
6371
6372
6376
6379
6394
6394
6398
6400
6402
6407
6416
6417
6417
6418
6419
6421
6423
6429
6433
6433
6435
6436
6442
6445
6445
6446
6447
6447
6449
6454
6460
6472
6473
6474
6475
6482
6484
6489
6492
6493
6495
6496
6498
6499
6499
6500
6501
6502
6503
6503
6505
6507
6510
6510
6510
6513
6516
6521
6528
6530
6535
6536
6538
6546
6549
6551
6551
6552
6554
6556
6561
6561
6565
6570
6570
6575
6583
6586
6587
6589
6595
6596
6596
6599
6600
6607
6608
6610
6618
6620
6621
6629
6633
6637
6647
6649
6653
6655
6658
6658
6660
6660
6664
6666
6669
6672
6676
6677
6686
6686
6689
6692
6696
6696
6698
6699
6701
6704
6704
6713
6715
6716
6717
6732
6741
6741
6741
6744
6750
6753
6756
6761
6765
6765
6765
6766
6771
6775
6775
6776
6777
6778
6783
6792
6799
6799
6800
6802
6806
6806
6811
6814
6820
6826
6827
6827
6829
6836
6843
6843
6855
6858
6858
6862
6868
6870
6880
6882
6883
6883
6886
6889
6891
6893
6894
6897
6897
6898
6901
6907
6911
6912
6917
6918
6921
6926
6927
6934
6938
6946
6950
6951
6954
6961
6962
6970
6973
6976
6978
6985
6985
6989
6991
6992
6993
6997
6997
7002
7003
7005
7006
7007
7011
7013
7017
7018
7019
7019
7020
7020
7021
7021
7023
7025
7025
7026
7031
7032
7033
7035
7037
7045
7049
7052
7054
7057
7059
7061
7065
7069
7075
7077
7086
7088
7088
7096
7096
7102
7103
7103
7103
7105
7106
7106
7119
7124
7138
7140
7144
7144
7146
7147
7152
7153
7170
7173
7181
7192
7194
7201
7201
7202
7204
7218
7223
7224
7225
7226
7233
7240
7241
7249
7253
7254
7256
7261
7263
7271
7277
7281
7288
7289
7302
7302
7306
7320
7323
7330
7332
7333
7342
7342
7361
7361
7362
7363
7364
7370
7370
7374
7374
7377
7381
7381
7381
7382
7386
7389
7395
7400
7404
7407
7410
7414
7417
7418
7418
7420
7420
7427
7428
7436
7450
7460
7467
7475
7479
7485
7486
7487
7487
7488
7491
7493
7494
7497
7498
7499
7501
7501
7503
7504
7507
7517
7517
7517
7521
7525
7531
7540
7545
7555
7556
7564
7567
7567
7568
7570
7571
7571
7573
7576
7582
7586
7590
7594
7595
7598
7607
7609
7609
7610
7613
7614
7630
7640
7640
7658
7659
7661
7662
7662
7668
7672
7673
7674
7675
7675
7685
7685
7688
7691
7695
7696
7698
7701
7705
7706
7708
7713
7716
7725
7729
7732
7750
7753
7755
7759
7765
7777
7779
7785
7790
7792
7801
7801
7802
7810
7814
7814
7814
7819
7820
7822
7823
7824
7832
7833
7835
7838
7846
7852
7853
7855
7858
7860
7865
7866
7872
7873
7877
7877
7878
7880
7887
7888
7892
7894
7898
7900
7901
7905
7905
7908
7910
7910
7914
7929
7931
7932
7933
7933
7934
7935
7937
7943
7952
7960
7962
7970
7976
7978
7978
7979
7980
7989
7993
7993
7995
7996
7998
8009
8013
8019
8023
8029
8036
8041
8042
8042
8052
8056
8057
8058
8061
8063
8064
8065
8074
8074
8078
8079
8080
8096
8098
8100
8106
8107
8108
8110
8114
8115
8120
8124
8126
8128
8129
8130
8138
8144
8151
8152
8153
8159
8161
8164
8167
8171
8173
8175
8178
8181
8187
8190
8193
8201
8210
8211
8214
8219
8222
8224
8226
8226
8228
8233
8235
8242
8244
8250
8255
8257
8258
8262
8273
8275
8283
8283
8284
8286
8288
8291
8292
8294
8297
8299
8302
8303
8305
8306
8310
8311
8313
8320
8335
8342
8348
8354
8357
8362
8363
8366
8366
8370
8374
8380
8381
8385
8386
8387
8387
8394
8395
8401
8403
8404
8408
8409
8414
8429
8442
8443
8443
8446
8449
8451
8454
8455
8458
8459
8460
8463
8464
8465
8471
8476
8477
8478
8479
8485
8486
8488
8488
8490
8491
8492
8498
8502
8502
8505
8515
8518
8519
8523
8526
8530
8532
8535
8535
8536
8543
8546
8551
8552
8553
8558
8560
8560
8563
8565
8566
8566
8568
8569
8570
8576
8580
8584
8588
8599
8602
8603
8603
8604
8605
8606
8608
8608
8611
8611
8615
8620
8620
8623
8627
8635
8645
8651
8652
8664
8669
8671
8676
8681
8682
8684
8684
8686
8690
8691
8692
8692
8695
8698
8707
8709
8709
8712
8713
8716
8717
8721
8723
8725
8725
8727
8728
8729
8732
8733
8741
8751
8752
8754
8755
8758
8772
8773
8774
8774
8778
8779
8780
8780
8786
8786
8802
8803
8803
8806
8807
8810
8812
8812
8813
8814
8815
8821
8821
8824
8829
8832
8832
8833
8838
8839
8851
8852
8853
8861
8864
8871
8871
8874
8875
8888
8888
8888
8888
8889
8890
8898
8899
8901
8905
8906
8907
8909
8910
8920
8928
8929
8932
8938
8943
8949
8963
8965
8967
8969
8970
8970
8973
8976
8977
8977
8980
8984
8986
8986
8989
8993
8993
8995
8999
9003
9004
9005
9014
9019
9020
9020
9022
9028
9030
9031
9034
9038
9042
9045
9046
9050
9055
9056
9064
9064
9065
9068
9069
9070
9070
9078
9082
9104
9116
9117
9124
9128
9131
9134
9134
9134
9134
9135
9141
9142
9147
9148
9150
9151
9160
9167
9169
9182
9185
9189
9189
9190
9195
9198
9214
9219
9220
9228
9238
9239
9242
9263
9270
9272
9272
9276
9282
9282
9285
9290
9295
9297
9300
9300
9320
9322
9322
9323
9323
9328
9330
9332
9335
9337
9341
9344
9348
9350
9357
9357
9361
9361
9363
9365
9370
9380
9384
9390
9391
9393
9397
9398
9403
9403
9403
9403
9408
9412
9414
9422
9428
9429
9432
9436
9449
9458
9460
9461
9463
9469
9473
9474
9475
9480
9481
9483
9492
9493
9494
9494
9495
9496
9499
9522
9532
9532
9539
9544
9552
9554
9555
9560
9564
9567
9576
9577
9580
9590
9590
9592
9595
9600
9605
9607
9613
9614
9617
9625
9632
9633
9636
9642
9645
9649
9653
9658
9659
9667
9671
9673
9676
9683
9683
9685
9687
9687
9688
9691
9700
9700
9701
9704
9706
9709
9710
9715
9717
9718
9721
9723
9725
9729
9732
9736
9742
9742
9744
9747
9754
9755
9756
9759
9760
9765
9766
9770
9778
9780
9781
9783
9786
9786
9791
9803
9805
9812
9822
9826
9826
9827
9831
9834
9842
9845
9847
9858
9861
9865
9870
9893
9894
9895
9897
9897
9899
9899
9914
9917
9918
9927
9933
9933
9935
9935
9938
9939
9939
9944
9949
9957
9957
9959
9960
9963
9963
9971
9971
9974
9976
9986
9988
9989
9989
9989
9993
9994
9995
9995
9996
10011
10012
10012
10014
10015
10019
10020
10020
10024
10024
10026
10027
10028
10034
10037
10050
10053
10054
10061
10062
10066
10070
10070
10072
10073
10074
10078
10081
10083
10099
10100
10101
10115
10115
10116
10124
10129
10132
10133
10136
10136
10138
10138
10139
10143
10151
10153
10157
10159
10166
10174
10174
10180
10181
10185
10185
10187
10188
10189
10192
10198
10199
10200
10201
10208
10211
10214
10215
10216
10220
10221
10222
10224
10233
10233
10235
10235
10245
10250
10251
10253
10253
10254
10255
10258
10264
10264
10266
10268
10269
10270
10277
10278
10280
10281
10282
10283
10285
10290
10290
10290
10293
10293
10296
10300
10309
10310
10312
10317
10322
10323
10323
10327
10329
10333
10333
10337
10339
10349
10350
10352
10364
10365
10365
10368
10378
10379
10381
10385
10388
10389
10391
10392
10401
10403
10404
10405
10408
10411
10419
10424
10435
10438
10443
10450
10451
10452
10453
10457
10458
10460
10462
10463
10464
10469
10469
10469
10470
10471
10473
10474
10477
10479
10485
10488
10490
10491
10496
10501
10501
10507
10512
10513
10515
10518
10522
10523
10527
10528
10528
10529
10538
10541
10542
10544
10545
10548
10549
10550
10572
10573
10579
10579
10581
10586
10589
10590
10598
10605
10615
10618
10618
10618
10620
10624
10625
10627
10628
10628
10630
10637
10639
10639
10640
10648
10649
10650
10652
10654
10655
10661
10665
10672
10676
10677
10684
10687
10687
10690
10691
10692
10692
10693
10702
10712
10713
10716
10719
10719
10721
10722
10725
10725
10731
10736
10740
10742
10742
10747
10752
10757
10766
10768
10770
10770
10772
10776
10780
10781
10782
10783
10788
10790
10792
10801
10802
10804
10804
10807
10812
10814
10822
10823
10827
10828
10829
10833
10834
10834
10835
10839
10841
10843
10847
10850
10852
10853
10860
10861
10861
10863
10867
10872
10872
10875
10880
10889
10889
10891
10892
10893
10893
10894
10896
10897
10897
10897
10901
10905
10905
10913
10920
10927
10934
10934
10935
10936
10937
10942
10943
10948
10950
10957
10957
10961
10962
10965
10970
10971
10972
10977
10979
10980
10986
10992
10992
10996
11003
11008
11010
11015
11017
11017
11024
11025
11029
11029
11029
11037
11044
11044
11048
11049
11052
11055
11061
11063
11065
11072
11076
11079
11081
11081
11083
11084
11086
11090
11099
11102
11118
11124
11127
11134
11147
11153
11154
11155
11159
11161
11166
11168
11169
11169
11171
11174
11174
11176
11177
11180
11180
11182
11184
11190
11190
11199
11207
11214
11217
11217
11225
11229
11235
11241
11249
11250
11250
11251
11257
11257
11257
11257
11258
11260
11263
11263
11268
11271
11280
11284
11285
11290
11292
11302
11302
11305
11307
11309
11310
11311
11312
11312
11312
11315
11316
11317
11318
11323
11326
11326
11330
11330
11339
11340
11342
11343
11344
11347
11352
11354
11355
11356
11356
11357
11362
11374
11386
11390
11393
11393
11396
11400
11403
11405
11407
11409
11410
11412
11417
11424
11424
11430
11439
11439
11441
11444
11447
11448
11448
11448
11453
11455
11463
11463
11464
11465
11470
11473
11484
11485
11486
11487
11488
11490
11496
11496
11499
11502
11502
11503
11506
11506
11508
11508
11510
11512
11512
11519
11521
11526
11528
11529
11531
11532
11536
11544
11544
11544
11545
11546
11548
11548
11552
11554
11554
11554
11558
11566
11567
11567
11571
11586
11589
11593
11598
11600
11606
11614
11620
11623
11628
11628
11630
11632
11640
11641
11651
11653
11659
11668
11668
11669
11674
11676
11677
11678
11680
11682
11683
11684
11684
11685
11686
11688
11693
11693
11703
11705
11706
11707
11708
11710
11714
11722
11723
11725
11727
11729
11732
11734
11735
11736
11737
11743
11745
11753
11753
11760
11775
11779
11780
11781
11782
11783
11785
11786
11791
11794
11810
11827
11828
11829
11830
11831
11831
11832
11841
11845
11845
11846
11846
11849
11856
11858
11860
11863
11868
11870
11876
11884
11885
11889
11895
11899
11899
11907
11920
11920
11929
11930
11934
11936
11936
11942
11942
11943
11944
11948
11951
11951
11952
11958
11958
11959
11961
11966
11975
11980
11982
11983
11984
11987
11989
11990
11991
11991
11996
11997
11999
12001
12003
12007
12010
12012
12018
12020
12026
12026
12028
12032
12032
12035
12042
12046
12048
12048
12048
12049
12050
12051
12051
12057
12058
12061
12066
12069
12072
12077
12083
12085
12085
12092
12093
12104
12104
12112
12113
12117
12119
12121
12126
12131
12144
12144
12145
12148
12149
12150
12151
12151
12157
12158
12159
12161
12162
12165
12167
12168
12172
12178
12182
12183
12184
12186
12188
12208
12210
12211
12211
12213
12214
12221
12231
12233
12237
12237
12247
12251
12252
12252
12255
12262
12263
12267
12270
12275
12277
12277
12278
12279
12279
12283
12288
12289
12293
12293
12297
12305
12306
12308
12312
12312
12315
12317
12318
12326
12337
12341
12347
12350
12350
12353
12356
12358
12358
12360
12361
12364
12367
12370
12371
12374
12386
12387
12396
12402
12405
12406
12414
12417
12423
12430
12430
12430
12434
12436
12439
12440
12440
12444
12450
12451
12460
12461
12461
12462
12477
12479
12481
12483
12488
12491
12501
12502
12508
12512
12520
12520
12529
12537
12541
12543
12543
12550
12551
12551
12558
12559
12561
12567
12571
12575
12581
12582
12586
12587
12587
12589
12590
12593
12594
12595
12613
12618
12622
12639
12647
12650
12651
12655
12659
12663
12666
12671
12671
12671
12683
12685
12695
12699
12703
12707
12711
12711
12720
12722
12722
12728
12730
12735
12735
12737
12740
12748
12749
12752
12756
12763
12765
12775
12778
12785
12788
12789
12790
12793
12795
12796
12798
12799
12802
12806
12812
12813
12814
12814
12816
12818
12833
12836
12839
12844
12856
12857
12858
12862
12862
12866
12869
12869
12873
12873
12885
12886
12889
12893
12893
12893
12894
12897
12897
12899
12902
12905
12906
12917
12922
12926
12930
12930
12940
12943
12943
12945
12949
12951
12951
12951
12961
12967
12972
12974
12975
12975
12977
12981
12981
12984
12998
13002
13003
13005
13005
13006
13011
13017
13017
13025
13028
13031
13038
13042
13042
13044
13046
13051
13052
13052
13053
13058
13059
13067
13071
13079
13083
13086
13088
13091
13096
13103
13104
13107
13107
13109
13117
13120
13120
13121
13128
13134
13135
13139
13146
13147
13163
13165
13169
13169
13170
13176
13178
13183
13186
13187
13189
13195
13216
13221
13223
13228
13235
13249
13250
13251
13262
13262
13265
13266
13268
13271
13272
13274
13275
13275
13278
13279
13280
13282
13282
13283
13284
13288
13302
13306
13310
13314
13314
13320
13325
13327
13329
13330
13332
13337
13338
13338
13338
13343
13346
13349
13359
13359
13360
13361
13363
13367
13373
13373
13375
13376
13376
13385
13387
13394
13409
13409
13409
13410
13422
13423
13423
13426
13427
13432
13432
13433
13434
13438
13439
13439
13440
13447
13463
13469
13469
13471
13483
13486
13489
13489
13493
13498
13501
13503
13504
13505
13513
13521
13526
13531
13532
13536
13539
13541
13543
13548
13549
13553
13559
13561
13562
13563
13569
13573
13573
13577
13580
13580
13581
13589
13589
13594
13598
13599
13601
13602
13611
13613
13615
13616
13629
13630
13633
13637
13637
13637
13644
13650
13651
13651
13658
13667
13673
13677
13681
13683
13686
13687
13688
13689
13691
13698
13699
13700
13703
13704
13710
13711
13713
13714
13714
13721
13730
13731
13732
13734
13734
13737
13737
13743
13747
13747
13747
13748
13750
13755
13757
13757
13759
13760
13760
13761
13762
13766
13768
13771
13771
13772
13779
13783
13785
13788
13788
13791
13792
13794
13795
13800
13805
13806
13807
13808
13808
13809
13810
13816
13823
13828
13828
13832
13836
13837
13840
13842
13844
13847
13848
13848
13870
13870
13879
13879
13880
13887
13890
13891
13895
13896
13896
13899
13900
13904
13905
13915
13921
13926
13927
13927
13930
13931
13934
13936
13937
13937
13937
13938
13941
13948
13950
13951
13958
13958
13973
13976
13976
13988
13992
13994
13997
13998
13998
14000
14006
14006
14007
14014
14015
14019
14028
14029
14031
14035
14036
14041
14043
14044
14044
14045
14050
14051
14052
14052
14053
14053
14053
14058
14066
14076
14077
14079
14080
14084
14086
14089
14091
14093
14094
14094
14094
14106
14110
14113
14120
14122
14122
14123
14124
14126
14131
14132
14133
14137
14140
14145
14152
14168
14170
14181
14181
14189
14190
14193
14198
14203
14210
14211
14212
14215
14221
14223
14225
14226
14227
14228
14232
14237
14237
14238
14250
14255
14261
14266
14266
14266
14273
14282
14283
14291
14292
14294
14296
14296
14297
14299
14307
14309
14310
14313
14315
14315
14319
14321
14323
14323
14325
14326
14331
14332
14336
14343
14350
14358
14362
14365
14372
14373
14386
14389
14391
14394
14395
14404
14410
14416
14419
14420
14422
14425
14428
14432
14434
14436
14436
14449
14455
14457
14458
14462
14464
14466
14466
14466
14466
14470
14471
14483
14487
14489
14490
14499
14502
14507
14508
14514
14518
14525
14530
14539
14541
14546
14548
14551
14553
14561
14563
14565
14568
14569
14570
14576
14576
14577
14579
14581
14590
14594
14606
14611
14612
14612
14613
14623
14624
14624
14627
14630
14632
14644
14644
14648
14654
14655
14657
14670
14671
14672
14672
14673
14674
14682
14682
14683
14684
14696
14697
14699
14700
14704
14705
14707
14707
14710
14717
14718
14719
14719
14723
14724
14726
14731
14739
14740
14743
14743
14748
14749
14750
14753
14755
14756
14759
14763
14765
14769
14776
14792
14798
14799
14802
14803
14804
14808
14821
14823
14824
14827
14828
14830
14837
14840
14851
14854
14855
14856
14857
14867
14868
14875
14875
14881
14884
14886
14890
14902
14907
14914
14918
14919
14924
14925
14935
14941
14942
14945
14946
14947
14947
14948
14952
14957
14957
14959
14961
14963
14974
14978
14986
14989
14990
14993
14996
15000
15001
15017
15026
15029
15030
15034
15036
15038
15039
15046
15047
15059
15063
15064
15067
15068
15070
15077
15079
15087
15091
15092
15095
15095
15101
15101
15111
15112
15113
15116
15121
15125
15128
15131
15131
15137
15158
15160
15165
15166
15167
15167
15167
15173
15174
15181
15183
15194
15200
15203
15204
15216
15220
15222
15224
15225
15234
15234
15236
15238
15243
15244
15245
15245
15247
15247
15253
15255
15259
15278
15284
15288
15288
15293
15294
15304
15305
15306
15319
15321
15324
15326
15328
15336
15338
15341
15345
15356
15359
15362
15371
15383
15389
15390
15390
15396
15399
15401
15402
15405
15406
15406
15420
15420
15422
15424
15424
15424
15427
15429
15432
15433
15434
15440
15446
15446
15449
15451
15454
15458
15459
15463
15464
15478
15479
15484
15491
15495
15497
15500
15500
15503
15509
15510
15512
15517
15518
15518
15522
15525
15527
15536
15536
15537
15539
15540
15544
15546
15548
15549
15550
15551
15555
15556
15561
15561
15563
15567
15572
15575
15581
15583
15592
15595
15595
15597
15597
15598
15602
15609
15611
15613
15614
15622
15623
15623
15627
15628
15628
15634
15640
15643
15645
15646
15647
15649
15650
15650
15653
15653
15659
15661
15661
15662
15667
15671
15672
15675
15682
15684
15685
15685
15685
15686
15688
15689
15694
15697
15700
15702
15704
15710
15713
15714
15719
15721
15726
15732
15735
15736
15737
15738
15739
15740
15748
15755
15758
15760
15761
15761
15763
15764
15767
15768
15768
15769
15769
15771
15773
15778
15779
15784
15799
15800
15802
15805
15806
15808
15812
15819
15831
15835
15840
15842
15845
15846
15854
15862
15863
15864
15870
15872
15873
15874
15878
15889
15891
15891
15892
15895
15900
15902
15902
15904
15907
15908
15908
15912
15914
15920
15924
15926
15926
15926
15931
15933
15935
15942
15944
15949
15952
15962
15972
15973
15979
15985
15986
15988
15988
15992
15997
15999
16005
16011
16012
16013
16013
16017
16018
16019
16020
16022
16026
16026
16026
16028
16029
16031
16032
16036
16038
16040
16054
16070
16071
16079
16080
16092
16097
16098
16100
16105
16108
16108
16119
16121
16135
16138
16139
16144
16145
16147
16147
16147
16148
16152
16152
16152
16161
16164
16166
16167
16169
16171
16172
16173
16173
16174
16177
16177
16179
16189
16195
16207
16209
16211
16212
16214
16217
16217
16219
16225
16227
16235
16235
16240
16246
16247
16249
16250
16252
16270
16270
16274
16275
16280
16280
16281
16283
16285
16289
16292
16297
16298
16312
16313
16315
16316
16317
16319
16321
16323
16335
16338
16343
16346
16347
16350
16355
16356
16356
16364
16365
16366
16366
16367
16369
16369
16374
16377
16386
16387
16395
16397
16399
16403
16406
16409
16415
16416
16417
16420
16420
16420
16424
16425
16425
16428
16432
16434
16436
16437
16437
16439
16444
16445
16447
16451
16451
16454
16454
16457
16459
16459
16459
16461
16471
16475
16475
16476
16479
16480
16483
16484
16487
16491
16494
16502
16505
16511
16514
16515
16516
16518
16524
16525
16526
16530
16531
16531
16537
16539
16540
16542
16546
16557
16557
16567
16571
16573
16579
16583
16585
16593
16597
16597
16598
16600
16611
16611
16620
16630
16631
16634
16635
16641
16645
16645
16647
16650
16651
16655
16655
16657
16659
16659
16669
16676
16678
16680
16683
16693
16694
16698
16700
16703
16706
16720
16723
16733
16735
16737
16740
16745
16745
16749
16756
16757
16758
16763
16772
16777
16778
16778
16787
16793
16797
16801
16802
16804
16807
16820
16822
16823
16823
16833
16843
16845
16854
16856
16860
16869
16880
16882
16888
16895
16901
16902
16904
16905
16906
16910
16915
16920
16921
16926
16928
16933
16935
16937
16938
16939
16940
16940
16941
16945
16948
16949
16950
16950
16954
16955
16969
16976
16982
16982
16987
16987
16988
16993
16995
16996
16997
16999
17001
17004
17007
17013
17013
17013
17014
17016
17023
17025
17026
17028
17033
17035
17037
17038
17042
17044
17044
17045
17047
17049
17053
17056
17058
17059
17060
17062
17070
17071
17077
17078
17084
17093
17094
17095
17095
17099
17101
17117
17118
17121
17122
17134
17138
17142
17143
17145
17145
17160
17163
17164
17165
17166
17171
17172
17181
17182
17186
17188
17188
17189
17203
17210
17213
17214
17215
17215
17215
17226
17227
17233
17237
17239
17249
17252
17266
17272
17275
17275
17288
17290
17292
17293
17294
17296
17304
17309
17316
17316
17317
17318
17323
17325
17330
17339
17355
17355
17357
17357
17364
17369
17373
17376
17377
17378
17378
17379
17381
17386
17387
17391
17391
17392
17396
17401
17401
17406
17407
17412
17418
17420
17431
17438
17439
17440
17440
17445
17446
17446
17448
17450
17454
17454
17459
17461
17470
17474
17479
17482
17485
17489
17491
17492
17501
17501
17502
17505
17509
17512
17515
17516
17517
17522
17523
17523
17525
17527
17529
17536
17541
17545
17548
17550
17569
17571
17579
17580
17581
17585
17586
17588
17591
17592
17592
17594
17597
17600
17602
17604
17608
17610
17611
17614
17616
17616
17623
17633
17634
17636
17642
17642
17646
17657
17659
17662
17662
17665
17665
17667
17671
17676
17676
17677
17681
17682
17684
17687
17693
17698
17699
17699
17701
17702
17711
17713
17716
17718
17720
17721
17724
17725
17728
17730
17741
17746
17755
17755
17755
17760
17762
17763
17767
17770
17772
17773
17774
17774
17778
17780
17789
17791
17800
17801
17808
17810
17812
17822
17823
17826
17827
17832
17837
17838
17843
17844
17844
17846
17846
17852
17866
17867
17871
17877
17877
17879
17888
17889
17892
17893
17893
17895
17898
17901
17904
17907
17912
17915
17916
17916
17916
17918
17924
17925
17928
17928
17929
17937
17939
17948
17950
17954
17955
17959
17961
17961
17962
17963
17964
17971
17973
17974
17978
17983
17985
17989
17991
17992
17993
18001
18001
18006
18007
18011
18015
18016
18025
18026
18027
18029
18031
18038
18044
18050
18054
18054
18056
18056
18060
18069
18078
18084
18085
18086
18087
18089
18090
18091
18094
18099
18101
18102
18104
18107
18109
18109
18109
18111
18121
18122
18122
18131
18137
18138
18139
18145
18153
18156
18161
18162
18164
18171
18178
18185
18186
18187
18190
18198
18198
18198
18201
18205
18208
18209
18214
18215
18216
18217
18218
18226
18227
18227
18232
18236
18238
18243
18243
18249
18254
18255
18259
18261
18266
18268
18272
18275
18277
18282
18284
18285
18296
18300
18303
18304
18304
18305
18307
18307
18311
18313
18315
18319
18321
18328
18332
18336
18343
18345
18347
18348
18352
18355
18356
18357
18361
18361
18366
18367
18370
18373
18376
18377
18378
18381
18381
18381
18383
18386
18388
18390
18399
18407
18407
18407
18408
18412
18412
18416
18418
18418
18419
18419
18421
18422
18424
18424
18431
18440
18443
18444
18446
18450
18457
18463
18468
18472
18474
18477
18478
18480
18482
18490
18492
18495
18496
18496
18499
18501
18502
18504
18516
18518
18520
18522
18524
18526
18527
18530
18533
18546
18547
18551
18557
18558
18564
18565
18565
18567
18570
18576
18577
18578
18588
18597
18602
18602
18609
18619
18619
18627
18629
18630
18655
18663
18667
18668
18677
18678
18680
18683
18688
18689
18690
18695
18698
18700
18707
18710
18713
18713
18717
18721
18722
18728
18733
18736
18738
18738
18740
18743
18745
18748
18750
18751
18752
18757
18759
18760
18761
18764
18766
18769
18770
18776
18780
18787
18788
18795
18797
18797
18806
18819
18824
18826
18832
18832
18837
18838
18839
18839
18840
18840
18848
18848
18858
18859
18862
18872
18878
18880
18882
18884
18900
18914
18914
18914
18916
18920
18922
18928
18934
18940
18940
18943
18945
18946
18949
18950
18950
18961
18966
18967
18968
18973
18975
18976
18979
18986
18987
18989
18995
19000
19003
19005
19005
19005
19009
19009
19017
19018
19020
19026
19026
19027
19033
19035
19048
19051
19054
19059
19067
19072
19073
19081
19086
19087
19092
19093
19101
19106
19108
19108
19109
19110
19113
19116
19119
19128
19128
19129
19133
19136
19137
19140
19151
19152
19156
19165
19166
19167
19168
19174
19175
19180
19180
19184
19187
19189
19190
19194
19194
19195
19203
19204
19204
19205
19205
19208
19209
19212
19212
19212
19216
19217
19218
19222
19225
19226
19228
19230
19231
19232
19235
19235
19236
19245
19248
19253
19257
19257
19258
19264
19266
19267
19273
19277
19287
19288
19310
19313
19317
19317
19321
19325
19325
19333
19342
19345
19364
19366
19367
19369
19369
19385
19399
19400
19406
19409
19410
19416
19420
19423
19424
19430
19431
19431
19436
19437
19438
19439
19442
19443
19443
19452
19455
19457
19458
19468
19470
19472
19479
19480
19480
19481
19487
19489
19494
19499
19501
19510
19512
19519
19519
19522
19524
19528
19532
19543
19555
19560
19561
19563
19567
19571
19573
19575
19579
19581
19588
19597
19597
19599
19601
19601
19602
19606
19607
19608
19608
19609
19616
19617
19620
19620
19628
19630
19631
19636
19636
19640
19640
19642
19644
19646
19649
19649
19659
19661
19666
19666
19666
19667
19669
19672
19675
19683
19683
19685
19692
19695
19699
19704
19707
19707
19711
19714
19716
19718
19728
19731
19735
19736
19737
19738
19740
19743
19756
19759
19762
19772
19773
19785
19790
19791
19799
19800
19803
19807
19810
19814
19817
19819
19819
19819
19820
19821
19825
19827
19831
19834
19837
19844
19844
19855
19855
19858
19859
19861
19866
19876
19876
19881
19882
19883
19888
19889
19891
19891
19899
19901
19904
19907
19912
19913
19915
19915
19916
19931
19944
19946
19946
19955
19965
19974
19977
19977
19981
19993
19994
19996
19997
20002
20004
20005
20011
20016
20028
20029
20030
20032
20036
20048
20053
20053
20055
20061
20061
20067
20070
20070
20074
20075
20081
20083
20089
20094
20096
20097
20098
20099
20102
20105
20110
20110
20112
20118
20120
20121
20122
20124
20131
20151
20154
20156
20159
20159
20161
20162
20163
20167
20167
20168
20168
20179
20179
20179
20181
20181
20181
20186
20190
20193
20193
20194
20195
20199
20201
20203
20207
20216
20225
20225
20226
20231
20240
20241
20241
20245
20253
20258
20259
20261
20267
20268
20268
20272
20277
20277
20278
20283
20286
20293
20293
20296
20300
20302
20312
20314
20316
20321
20327
20331
20331
20332
20336
20337
20346
20346
20346
20351
20363
20366
20367
20367
20374
20376
20393
20393
20398
20400
20403
20404
20405
20409
20414
20418
20423
20426
20426
20429
20432
20432
20434
20440
20440
20443
20444
20446
20450
20458
20465
20465
20466
20476
20480
20484
20485
20488
20493
20495
20500
20505
20507
20509
20510
20516
20522
20523
20524
20530
20534
20538
20539
20539
20539
20539
20540
20540
20547
20549
20555
20563
20564
20587
20589
20589
20594
20594
20596
20596
20600
20602
20604
20606
20609
20612
20614
20616
20619
20627
20631
20632
20636
20641
20651
20652
20655
20656
20660
20663
20671
20671
20673
20678
20685
20685
20691
20700
20700
20717
20717
20718
20719
20724
20730
20734
20734
20734
20738
20740
20744
20755
20757
20764
20764
20771
20772
20772
20775
20777
20778
20780
20788
20790
20794
20796
20798
20803
20803
20807
20812
20815
20815
20821
20823
20824
20828
20829
20834
20836
20839
20841
20848
20853
20854
20856
20865
20875
20875
20884
20888
20893
20895
20898
20899
20902
20903
20910
20914
20916
20918
20919
20921
20926
20928
20931
20934
20936
20937
20940
20943
20945
20946
20947
20949
20961
20962
20965
20965
20967
20967
20969
20969
20971
20972
20976
20977
20980
20981
20982
20994
20998
21002
21003
21005
21013
21016
21019
21023
21028
21031
21039
21040
21042
21044
21045
21045
21048
21052
21053
21061
21065
21066
21068
21078
21081
21083
21087
21088
21089
21090
21092
21096
21103
21104
21107
21109
21111
21111
21111
21113
21115
21118
21119
21131
21132
21134
21136
21137
21141
21142
21154
21156
21161
21164
21166
21167
21168
21168
21170
21172
21172
21174
21177
21180
21181
21182
21186
21187
21187
21190
21191
21203
21211
21218
21220
21229
21230
21235
21236
21241
21242
21244
21246
21246
21254
21254
21267
21270
21274
21281
21281
21287
21290
21293
21294
21294
21300
21302
21304
21310
21313
21314
21315
21317
21318
21331
21337
21340
21343
21343
21350
21350
21352
21353
21356
21359
21360
21360
21365
21366
21366
21371
21372
21373
21375
21376
21376
21384
21385
21386
21389
21402
21408
21409
21411
21411
21412
21415
21416
21421
21426
21426
21428
21430
21430
21438
21440
21442
21448
21453
21466
21466
21467
21467
21477
21482
21485
21489
21490
21491
21493
21495
21497
21504
21509
21513
21513
21516
21518
21522
21523
21523
21527
21529
21535
21539
21540
21554
21555
21572
21573
21575
21575
21576
21584
21593
21597
21604
21606
21609
21611
21618
21620
21620
21621
21652
21655
21666
21670
21670
21675
21676
21679
21682
21685
21687
21687
21687
21690
21693
21695
21696
21707
21708
21710
21713
21714
21724
21724
21726
21730
21731
21735
21737
21744
21745
21745
21750
21750
21751
21753
21757
21762
21762
21762
21764
21765
21765
21766
21768
21768
21768
21768
21769
21771
21779
21780
21785
21786
21790
21792
21795
21797
21805
21809
21810
21810
21810
21819
21824
21824
21830
21831
21834
21834
21836
21842
21844
21855
21857
21867
21867
21886
21889
21889
21891
21892
21894
21895
21895
21896
21898
21900
21901
21904
21905
21907
21911
21914
21924
21924
21936
21938
21939
21939
21940
21941
21941
21952
21952
21959
21961
21964
21966
21968
21968
21969
21972
21976
21981
21986
21989
21990
21991
21998
22000
22003
22006
22010
22024
22028
22029
22037
22048
22056
22056
22059
22062
22069
22072
22081
22086
22090
22091
22095
22096
22097
22099
22099
22112
22122
22129
22134
22136
22139
22143
22143
22144
22146
22151
22156
22158
22160
22171
22173
22176
22179
22180
22183
22184
22184
22197
22199
22207
22208
22209
22211
22212
22216
22220
22223
22225
22230
22234
22238
22238
22243
22243
22245
22246
22247
22250
22250
22258
22258
22262
22266
22266
22267
22271
22276
22279
22280
22284
22289
22291
22292
22293
22296
22298
22298
22300
22307
22310
22311
22313
22319
22324
22326
22328
22330
22335
22343
22353
22355
22358
22363
22365
22374
22375
22379
22384
22384
22386
22389
22393
22396
22399
22400
22402
22404
22409
22413
22417
22418
22418
22420
22420
22424
22428
22430
22432
22434
22435
22438
22440
22444
22449
22460
22463
22466
22471
22476
22478
22483
22484
22486
22486
22488
22494
22494
22496
22503
22509
22512
22529
22529
22536
22540
22540
22548
22552
22552
22556
22556
22563
22565
22566
22570
22572
22573
22573
22574
22579
22580
22586
22590
22592
22593
22599
22599
22600
22603
22606
22607
22609
22611
22614
22614
22616
22620
22624
22629
22634
22634
22635
22639
22641
22642
22645
22649
22654
22655
22660
22665
22668
22668
22677
22680
22698
22701
22703
22704
22708
22717
22717
22717
22718
22720
22729
22730
22730
22731
22733
22737
22739
22741
22743
22744
22757
22758
22759
22762
22763
22764
22768
22769
22770
22770
22771
22781
22783
22786
22787
22789
22790
22791
22794
22799
22800
22805
22805
22813
22813
22815
22816
22830
22841
22844
22847
22851
22854
22856
22858
22860
22861
22866
22866
22867
22867
22868
22869
22870
22872
22873
22882
22892
22897
22903
22905
22907
22914
22916
22918
22922
22925
22926
22926
22926
22931
22932
22935
22935
22939
22942
22948
22972
22974
22975
22982
22987
22988
22989
22991
22997
22998
23002
23004
23007
23009
23010
23013
23016
23017
23018
23020
23023
23029
23035
23041
23044
23051
23056
23059
23062
23062
23063
23072
23078
23083
23085
23086
23091
23095
23104
23110
23110
23114
23115
23117
23117
23119
23119
23129
23129
23130
23134
23134
23136
23142
23142
23143
23150
23150
23152
23152
23155
23157
23160
23163
23168
23180
23181
23186
23188
23192
23193
23193
23200
23203
23207
23207
23209
23211
23212
23217
23221
23225
23226
23235
23235
23242
23243
23248
23249
23251
23252
23259
23262
23270
23272
23273
23278
23280
23281
23283
23288
23289
23289
23299
23302
23305
23305
23306
23312
23319
23321
23322
23323
23326
23329
23331
23332
23333
23334
23341
23346
23346
23347
23348
23360
23363
23373
23376
23377
23380
23385
23391
23392
23393
23395
23395
23395
23402
23408
23409
23419
23424
23427
23428
23436
23442
23447
23449
23451
23452
23455
23456
23459
23460
23466
23470
23493
23494
23499
23502
23503
23506
23513
23513
23513
23515
23516
23531
23534
23536
23537
23539
23539
23544
23545
23546
23550
23551
23554
23554
23558
23558
23559
23561
23564
23568
23568
23573
23575
23575
23582
23583
23588
23589
23590
23599
23606
23607
23608
23609
23611
23611
23612
23613
23613
23614
23615
23616
23617
23620
23621
23621
23625
23625
23626
23626
23629
23632
23638
23643
23643
23645
23651
23654
23657
23660
23670
23671
23672
23672
23681
23688
23688
23688
23690
23699
23701
23703
23710
23712
23715
23717
23720
23723
23724
23725
23729
23731
23731
23732
23742
23744
23751
23752
23755
23758
23758
23758
23759
23759
23763
23766
23770
23772
23772
23774
23781
23789
23793
23794
23804
23805
23808
23818
23820
23823
23826
23835
23837
23841
23848
23850
23874
23881
23884
23885
23886
23886
23887
23889
23891
23891
23892
23898
23903
23906
23914
23914
23933
23939
23942
23943
23944
23952
23954
23960
23980
23985
23987
23988
23989
23990
23994
24003
24004
24013
24022
24026
24026
24032
24033
24038
24040
24042
24045
24045
24050
24055
24056
24059
24060
24061
24068
24069
24077
24082
24083
24085
24088
24090
24092
24096
24099
24100
24105
24105
24109
24111
24112
24118
24121
24125
24126
24127
24130
24137
24144
24145
24146
24149
24150
24150
24151
24152
24152
24157
24157
24157
24162
24166
24175
24180
24189
24190
24192
24195
24196
24201
24201
24201
24216
24217
24222
24226
24226
24228
24229
24230
24230
24237
24243
24249
24253
24254
24258
24260
24260
24261
24267
24276
24280
24280
24287
24292
24295
24315
24316
24316
24317
24318
24321
24327
24337
24341
24343
24356
24356
24363
24364
24364
24367
24380
24382
24387
24390
24390
24393
24395
24398
24399
24401
24401
24409
24416
24420
24422
24422
24424
24428
24429
24435
24435
24437
24441
24442
24443
24447
24450
24451
24454
24456
24457
24458
24458
24459
24465
24471
24472
24475
24476
24476
24477
24479
24480
24480
24499
24502
24502
24506
24507
24509
24512
24518
24522
24530
24531
24532
24541
24549
24551
24553
24554
24557
24565
24567
24572
24573
24574
24574
24578
24579
24583
24584
24586
24590
24590
24596
24596
24608
24611
24614
24614
24618
24627
24628
24632
24638
24639
24640
24641
24642
24644
24649
24653
24655
24668
24669
24670
24674
24702
24703
24708
24709
24713
24723
24729
24730
24734
24734
24739
24741
24742
24747
24747
24749
24751
24752
24752
24753
24758
24765
24769
24771
24774
24774
24776
24780
24781
24791
24804
24804
24804
24805
24808
24809
24815
24823
24825
24828
24828
24832
24838
24842
24843
24845
24846
24846
24849
24849
24858
24858
24865
24866
24869
24871
24878
24879
24884
24884
24885
24886
24891
24894
24904
24907
24914
24922
24927
24931
24931
24939
24940
24948
24953
24957
24959
24962
24965
24981
24987
24989
24998
25001
25003
25007
25007
25024
25028
25028
25029
25031
25032
25032
25034
25035
25035
25042
25048
25050
25055
25056
25056
25059
25060
25066
25067
25068
25069
25075
25076
25083
25084
25084
25087
25090
25092
25098
25099
25100
25109
25111
25111
25113
25118
25123
25123
25134
25142
25142
25145
25151
25151
25154
25155
25168
25168
25168
25170
25177
25179
25183
25183
25185
25196
25204
25204
25208
25213
25214
25214
25224
25226
25227
25232
25236
25240
25245
25247
25249
25253
25257
25260
25260
25260
25263
25265
25266
25269
25273
25277
25278
25280
25281
25284
25287
25289
25294
25297
25301
25304
25306
25307
25309
25313
25328
25335
25335
25335
25338
25347
25355
25359
25361
25363
25369
25374
25377
25385
25386
25386
25390
25403
25406
25409
25417
25419
25431
25431
25433
25434
25435
25439
25445
25456
25458
25462
25466
25467
25469
25475
25481
25481
25484
25490
25496
25500
25505
25506
25511
25515
25515
25523
25526
25529
25533
25534
25534
25538
25547
25548
25555
25566
25567
25567
25574
25575
25581
25585
25587
25587
25593
25595
25597
25616
25616
25617
25619
25622
25626
25626
25628
25628
25632
25634
25635
25640
25640
25641
25643
25652
25655
25664
25664
25664
25669
25670
25672
25674
25688
25689
25693
25694
25700
25702
25702
25703
25712
25716
25722
25728
25729
25730
25734
25735
25745
25745
25756
25759
25763
25766
25768
25773
25773
25774
25778
25781
25798
25801
25803
25803
25804
25806
25806
25812
25812
25817
25825
25825
25826
25829
25835
25838
25841
25844
25847
25848
25850
25853
25854
25858
25858
25859
25861
25865
25867
25868
25869
25869
25871
25877
25878
25880
25882
25886
25887
25890
25890
25892
25897
25901
25909
25911
25912
25913
25914
25915
25916
25917
25919
25923
25925
25926
25927
25933
25941
25942
25942
25950
25953
25961
25963
25974
25975
25976
25986
25994
25997
25998
26000
26002
26003
26010
26016
26017
26034
26038
26041
26045
26058
26060
26062
26070
26072
26073
26075
26077
26088
26091
26095
26098
26098
26102
26105
26106
26115
26118
26123
26124
26127
26133
26143
26143
26145
26147
26151
26153
26154
26161
26163
26165
26170
26179
26183
26186
26188
26191
26191
26194
26195
26199
26205
26206
26221
26224
26226
26227
26227
26230
26233
26235
26240
26242
26245
26246
26248
26250
26254
26254
26259
26267
26267
26270
26272
26276
26281
26282
26289
26290
26297
26298
26312
26312
26313
26316
26317
26323
26326
26334
26341
26352
26363
26369
26377
26379
26380
26387
26388
26390
26394
26397
26398
26400
26402
26405
26411
26416
26422
26425
26426
26428
26436
26438
26438
26441
26442
26443
26444
26446
26448
26448
26450
26450
26464
26470
26471
26475
26476
26477
26481
26485
26493
26503
26504
26510
26510
26513
26514
26515
26518
26527
26531
26532
26532
26532
26537
26540
26541
26546
26547
26547
26561
26561
26564
26566
26568
26573
26574
26575
26575
26576
26579
26587
26591
26593
26594
26601
26601
26603
26606
26614
26615
26617
26619
26620
26621
26624
26625
26626
26628
26633
26634
26634
26635
26637
26648
26649
26650
26651
26651
26653
26656
26659
26661
26669
26675
26679
26679
26680
26680
26686
26690
26691
26694
26700
26703
26705
26706
26710
26712
26714
26718
26723
26723
26724
26726
26738
26738
26739
26739
26741
26742
26744
26744
26758
26759
26764
26766
26767
26767
26777
26781
26790
26791
26793
26795
26805
26810
26811
26812
26814
26818
26820
26825
26827
26834
26843
26849
26862
26869
26871
26877
26881
26881
26883
26886
26890
26892
26903
26905
26906
26908
26920
26923
26930
26933
26937
26938
26940
26942
26942
26951
26956
26957
26964
26967
26970
26977
26985
26992
26994
26996
26996
26996
26997
26998
26998
26998
27010
27014
27015
27015
27017
27018
27018
27024
27025
27028
27035
27035
27036
27036
27040
27040
27042
27042
27046
27061
27065
27070
27072
27073
27074
27075
27077
27077
27083
27085
27099
27099
27102
27107
27111
27114
27114
27114
27124
27125
27131
27137
27138
27138
27144
27146
27146
27147
27149
27151
27151
27153
27153
27154
27156
27157
27159
27161
27165
27166
27177
27177
27177
27179
27180
27180
27183
27183
27193
27193
27199
27205
27209
27223
27223
27231
27232
27233
27234
27236
27237
27238
27239
27247
27249
27256
27257
27258
27259
27261
27264
27266
27270
27274
27277
27277
27281
27282
27288
27294
27304
27304
27305
27306
27307
27308
27309
27310
27310
27311
27317
27319
27320
27332
27339
27348
27349
27352
27353
27354
27355
27356
27356
27356
27367
27378
27379
27380
27384
27384
27388
27392
27393
27395
27403
27413
27414
27415
27416
27418
27418
27418
27419
27421
27429
27432
27433
27435
27444
27444
27452
27465
27468
27468
27470
27470
27476
27477
27479
27484
27493
27498
27510
27511
27515
27519
27520
27521
27526
27536
27536
27540
27542
27548
27550
27553
27555
27556
27558
27559
27560
27567
27568
27576
27580
27584
27585
27589
27592
27598
27598
27601
27608
27612
27618
27620
27626
27629
27631
27638
27639
27650
27654
27654
27656
27658
27663
27664
27671
27672
27674
27679
27680
27682
27682
27686
27686
27693
27694
27703
27707
27708
27710
27714
27715
27715
27721
27724
27731
27733
27740
27746
27749
27750
27750
27751
27752
27754
27754
27755
27755
27758
27774
27775
27777
27779
27781
27784
27785
27785
27786
27787
27791
27797
27803
27805
27808
27808
27816
27820
27822
27826
27829
27836
27842
27846
27851
27852
27855
27857
27857
27859
27864
27868
27871
27871
27872
27881
27889
27891
27892
27894
27897
27901
27913
27913
27918
27921
27922
27927
27928
27931
27931
27933
27935
27936
27937
27940
27945
27950
27953
27956
27971
27973
27978
27979
27981
27984
27990
27999
27999
27999
28002
28011
28011
28013
28016
28017
28017
28025
28026
28029
28029
28032
28034
28038
28042
28045
28045
28047
28050
28051
28051
28058
28059
28065
28066
28074
28076
28076
28079
28082
28086
28097
28109
28115
28121
28122
28123
28126
28130
28131
28131
28132
28135
28139
28140
28142
28147
28148
28149
28150
28152
28158
28160
28160
28166
28181
28187
28187
28191
28192
28193
28200
28203
28206
28210
28210
28211
28215
28216
28216
28216
28220
28222
28223
28224
28231
28231
28233
28234
28240
28243
28244
28244
28245
28248
28251
28261
28261
28267
28284
28289
28295
28296
28312
28319
28320
28325
28336
28337
28338
28342
28349
28351
28351
28353
28353
28356
28358
28358
28363
28363
28365
28368
28371
28373
28374
28376
28382
28384
28393
28394
28398
28407
28408
28411
28413
28413
28422
28425
28427
28427
28428
28429
28432
28436
28451
28452
28454
28457
28467
28469
28477
28479
28482
28484
28488
28491
28496
28496
28498
28505
28506
28513
28515
28515
28516
28517
28520
28522
28538
28545
28545
28547
28554
28555
28555
28561
28564
28570
28573
28573
28576
28588
28590
28590
28592
28603
28612
28616
28620
28622
28623
28626
28627
28633
28633
28641
28652
28655
28656
28658
28665
28665
28666
28666
28666
28667
28675
28677
28678
28678
28680
28682
28684
28686
28689
28691
28692
28693
28694
28698
28704
28717
28718
28719
28724
28727
28729
28730
28732
28734
28739
28743
28744
28753
28758
28761
28768
28768
28769
28771
28781
28792
28792
28792
28795
28801
28804
28816
28825
28826
28830
28831
28837
28839
28840
28840
28841
28843
28843
28849
28858
28863
28869
28870
28871
28872
28881
28885
28885
28887
28892
28894
28907
28912
28913
28923
28929
28929
28930
28936
28937
28943
28944
28948
28957
28960
28960
28973
28974
28985
28986
28986
28986
28988
28989
28991
28996
28999
28999
29000
29000
29000
29005
29006
29014
29017
29018
29019
29020
29026
29027
29028
29032
29040
29041
29043
29043
29043
29044
29048
29051
29054
29070
29075
29075
29077
29077
29085
29088
29091
29092
29092
29104
29106
29109
29113
29114
29118
29118
29126
29126
29127
29128
29129
29135
29136
29137
29137
29138
29141
29155
29160
29160
29161
29165
29172
29174
29176
29180
29181
29184
29187
29190
29195
29209
29209
29209
29211
29221
29226
29232
29234
29235
29237
29242
29244
29252
29252
29256
29259
29264
29266
29270
29271
29273
29273
29276
29277
29278
29289
29290
29293
29294
29299
29302
29308
29317
29317
29318
29320
29323
29327
29328
29328
29335
29340
29341
29341
29347
29349
29352
29352
29360
29364
29365
29368
29371
29378
29378
29380
29384
29385
29391
29392
29397
29400
29405
29408
29411
29417
29428
29430
29431
29431
29434
29439
29440
29446
29449
29451
29455
29457
29459
29459
29469
29469
29474
29477
29486
29490
29490
29490
29490
29495
29496
29497
29497
29498
29498
29498
29506
29515
29515
29517
29518
29522
29536
29538
29539
29542
29544
29544
29548
29557
29557
29564
29565
29577
29578
29583
29587
29589
29593
29596
29598
29602
29603
29616
29621
29623
29623
29624
29626
29628
29630
29632
29633
29634
29637
29638
29648
29650
29652
29652
29653
29665
29665
29668
29675
29686
29690
29692
29695
29696
29699
29700
29703
29703
29706
29708
29711
29712
29712
29725
29726
29729
29735
29737
29738
29739
29739
29745
29746
29747
29757
29758
29765
29766
29777
29778
29785
29786
29790
29792
29796
29798
29799
29799
29803
29804
29808
29816
29820
29821
29826
29831
29832
29837
29837
29841
29847
29861
29863
29863
29871
29872
29875
29875
29889
29889
29890
29894
29894
29895
29900
29902
29903
29909
29911
29916
29920
29921
29921
29926
29940
29943
29943
29946
29950
29951
29953
29961
29961
29974
29977
29978
29980
29982
29982
29984
29985
29985
29997
29997
30003
30005
30005
30008
30013
30016
30019
30021
30024
30025
30025
30026
30033
30038
30044
30047
30058
30059
30060
30067
30068
30069
30077
30081
30082
30083
30089
30092
30093
30096
30098
30100
30101
30103
30118
30128
30138
30139
30142
30146
30148
30158
30168
30172
30175
30177
30186
30187
30192
30202
30208
30208
30209
30217
30217
30218
30221
30223
30224
30228
30228
30228
30228
30229
30231
30231
30231
30232
30234
30238
30240
30241
30242
30246
30253
30255
30256
30258
30260
30262
30263
30267
30269
30270
30273
30284
30288
30288
30289
30291
30291
30291
30298
30299
30308
30310
30311
30317
30320
30324
30331
30332
30333
30334
30338
30346
30346
30347
30349
30351
30354
30354
30354
30359
30360
30361
30362
30365
30365
30365
30365
30366
30366
30366
30368
30369
30369
30369
30369
30369
30373
30376
30383
30384
30385
30390
30390
30394
30394
30395
30401
30402
30408
30409
30409
30414
30414
30418
30419
30421
30427
30427
30439
30439
30444
30445
30450
30454
30454
30457
30460
30461
30461
30461
30463
30464
30468
30468
30478
30482
30486
30491
30492
30499
30500
30502
30503
30505
30507
30507
30509
30512
30512
30516
30518
30520
30521
30521
30524
30525
30526
30526
30536
30539
30544
30546
30549
30553
30555
30558
30564
30566
30567
30572
30579
30583
30586
30590
30591
30591
30598
30602
30604
30605
30605
30605
30608
30609
30612
30613
30613
30618
30619
30625
30626
30628
30630
30630
30631
30634
30637
30638
30638
30638
30639
30644
30646
30648
30648
30650
30652
30657
30665
30672
30679
30679
30681
30683
30684
30687
30691
30698
30698
30707
30707
30709
30713
30728
30729
30731
30731
30738
30739
30739
30746
30748
30749
30750
30751
30754
30757
30758
30758
30765
30771
30772
30776
30778
30793
30795
30796
30796
30799
30806
30809
30810
30812
30814
30815
30815
30817
30825
30827
30828
30828
30837
30838
30839
30841
30846
30850
30855
30856
30856
30856
30857
30859
30859
30864
30868
30868
30870
30876
30878
30878
30884
30885
30889
30891
30892
30893
30898
30899
30900
30906
30908
30912
30913
30922
30922
30926
30928
30931
30934
30935
30942
30942
30943
30944
30946
30947
30947
30950
30954
30956
30962
30963
30964
30964
30966
30971
30981
30992
30993
30993
30994
30998
30998
30999
31000
31004
31008
31015
31018
31033
31038
31039
31042
31042
31045
31047
31049
31052
31055
31057
31058
31060
31060
31062
31067
31067
31072
31078
31080
31081
31089
31095
31098
31104
31111
31114
31121
31122
31135
31136
31138
31142
31144
31163
31166
31167
31174
31178
31184
31184
31186
31191
31192
31192
31198
31199
31202
31206
31209
31209
31209
31210
31215
31219
31226
31226
31231
31234
31237
31239
31240
31249
31250
31253
31258
31265
31268
31271
31279
31282
31289
31291
31292
31295
31299
31301
31301
31302
31310
31313
31313
31317
31318
31325
31326
31331
31333
31337
31337
31338
31338
31341
31346
31347
31348
31354
31354
31355
31357
31357
31360
31360
31360
31363
31364
31365
31365
31367
31371
31382
31383
31384
31385
31386
31398
31400
31406
31406
31406
31406
31410
31411
31413
31413
31421
31423
31428
31431
31433
31436
31438
31443
31446
31450
31452
31454
31463
31465
31468
31472
31472
31481
31482
31486
31487
31497
31498
31500
31503
31506
31506
31507
31507
31509
31514
31514
31515
31516
31518
31520
31521
31528
31529
31531
31531
31532
31532
31536
31539
31541
31546
31547
31555
31557
31557
31564
31565
31565
31573
31574
31576
31593
31595
31597
31601
31604
31606
31611
31613
31621
31622
31625
31628
31628
31633
31635
31638
31645
31646
31647
31647
31649
31652
31654
31662
31666
31678
31678
31679
31681
31683
31683
31690
31693
31698
31701
31702
31702
31702
31703
31703
31719
31720
31728
31734
31734
31735
31736
31737
31737
31741
31741
31743
31751
31753
31754
31756
31769
31772
31775
31777
31782
31790
31791
31800
31808
31812
31824
31827
31829
31832
31832
31834
31840
31841
31845
31850
31858
31861
31863
31868
31875
31882
31883
31883
31887
31889
31892
31894
31894
31898
31902
31904
31917
31919
31919
31920
31921
31923
31927
31927
31931
31935
31950
31952
31955
31955
31957
31961
31966
31970
31976
31978
31978
31987
31987
31989
31992
31993
31994
31994
31996
32002
32006
32006
32016
32023
32024
32024
32026
32028
32030
32032
32034
32042
32043
32046
32052
32059
32061
32074
32074
32074
32082
32083
32084
32085
32090
32091
32095
32096
32097
32099
32099
32101
32107
32108
32119
32120
32120
32123
32129
32131
32131
32143
32149
32150
32156
32168
32169
32170
32172
32173
32175
32185
32186
32191
32192
32193
32198
32198
32198
32202
32203
32210
32213
32217
32232
32237
32240
32243
32250
32251
32252
32256
32258
32262
32269
32270
32274
32276
32288
32290
32292
32295
32301
32301
32314
32318
32319
32320
32320
32320
32329
32329
32332
32334
32335
32336
32337
32340
32350
32358
32366
32368
32374
32375
32375
32376
32379
32382
32387
32396
32397
32399
32406
32410
32413
32414
32418
32419
32427
32431
32440
32447
32448
32449
32451
32454
32456
32457
32457
32461
32461
32468
32468
32472
32473
32476
32478
32484
32485
32486
32490
32491
32491
32492
32492
32493
32496
32500
32500
32505
32506
32510
32512
32517
32518
32522
32522
32526
32527
32530
32536
32540
32540
32546
32550
32550
32552
32555
32558
32560
32567
32578
32580
32584
32586
32588
32590
32592
32594
32596
32598
32599
32599
32600
32601
32605
32605
32609
32610
32610
32613
32614
32618
32622
32624
32627
32630
32637
32637
32637
32637
32638
32639
32644
32644
32647
32647
32651
32658
32659
32660
32663
32663
32665
32671
32675
32682
32685
32688
32689
32690
32692
32696
32702
32702
32703
32704
32706
32713
32715
32722
32723
32730
32731
32737
32739
32743
32743
32748
32757
32765
